ACCESSION: MSBNK-Empa_Air_Pollution-EAP__PCBTF
RECORD_TITLE: 1-chloro-4-(trifluoromethyl)benzene; GC-EI-TOF; MS; EI 70 eV
DATE: 2026.02.12
AUTHORS: Begley Alina, Constantin Lionel, Myriam Guillevic, Schlauri Paul, Schneider Livia, Reimann Stefan
LICENSE: CC BY
COPYRIGHT: Empa - Air Pollution / Environmental Technology
PROJECT: HALOHUNTER Discovering halogenated compounds in the atmosphere with non-target screening of preconcentrated air samples
CH$NAME: 1-chloro-4-(trifluoromethyl)benzene
CH$NAME: PCBTF
CH$COMPOUND_CLASS: HCFC
CH$FORMULA: C7H4ClF3
CH$EXACT_MASS: 179.99536
CH$SMILES: C1=CC(=CC=C1C(F)(F)F)Cl
CH$IUPAC: InChI=1S/C7H4ClF3/c8-6-3-1-5(2-4-6)7(9,10)11/h1-4H
CH$LINK: CAS 98-56-6
CH$LINK: PUBCHEM CID:7394
SP$LINK: MC-2021A 240327.1333.tank.5
AC$INSTRUMENT: 7890B GC, Agilent; EI TOF, ToFWerk.
AC$INSTRUMENT_TYPE: GC-EI-TOF
AC$MASS_SPECTROMETRY: MS_TYPE MS
AC$MASS_SPECTROMETRY: ION_MODE POSITIVE
AC$MASS_SPECTROMETRY: MASS_RANGE_M/Z  19-300
AC$MASS_SPECTROMETRY: IONIZATION EI
AC$MASS_SPECTROMETRY: IONIZATION_ENERGY 70 eV
AC$MASS_SPECTROMETRY: RESOLUTION 3000
AC$MASS_SPECTROMETRY: SCANNING_SETTING 6 scan/sec
AC$MASS_SPECTROMETRY: SOURCE_TEMPERATURE 230 C
AC$CHROMATOGRAPHY: CARRIER_GAS Helium
AC$CHROMATOGRAPHY: COLUMN_NAME Gaspro bonded silica PLOT column 113-4362 id=320 um L=60 m (Agilent J&W)
AC$CHROMATOGRAPHY: PRE_COLUMN_NAME Gaspro bonded silica PLOT column 113-4362 id=320 um L=5 m (Agilent J&W)
AC$CHROMATOGRAPHY: COLUMN_TEMPERATURE 200 C
AC$CHROMATOGRAPHY: FLOW_RATE 30 mL/min
AC$CHROMATOGRAPHY: INJECTION_TEMPERATURE 40 C
AC$CHROMATOGRAPHY: INLET_TYPE direct inlet
AC$CHROMATOGRAPHY: TRANSFERLINE_TEMPERATURE 200 C
AC$CHROMATOGRAPHY: KOVATS_RTI 917
PK$SPLASH: splash10-004i-3900000000-b5ff62dd2defac1f7559
PK$ANNOTATION: m/z formula_count exact_mass error(ppm) tentative_formula intensity_fraction
  25.00721 1 25.00728 2.66 HC2+ 1.00
  26.01490 1 26.01510 7.74 H2C2+ 1.00
  27.02300 1 27.02293 -2.72 H3C2+ 0.98
  29.03891 1 0.00000 0.00 - 1.00
  30.99814 1 30.99785 -9.21 CF+ 0.99
  33.01317 1 33.01350 10.14 H2CF+ 1.00
  34.96800 1 34.96830 8.70 Cl+ 1.00
  35.97662 1 35.97613 -13.64 HCl+ 0.98
  35.99962 1 35.99945 -4.68 C3+ 1.00
  36.96615 1 36.96535 -21.53 [37Cl]+ 0.99
  37.00779 1 37.00728 -13.88 HC3+ 0.97
  37.51196 1 0.00000 0.00 - 1.00
  37.97454 1 37.97318 -35.84 H[37Cl]+ 1.00
  38.01545 1 38.01510 -9.17 H2C3+ 0.97
  39.02331 1 39.02293 -9.83 H3C3+ 1.00
  40.02875 1 40.02628 -61.67 H3C2[13C]+ 1.00
  40.02875 2 40.03075 50.00 H4C3+ 1.00
  41.03933 1 0.00000 0.00 - 1.00
  42.04624 1 0.00000 0.00 - 1.00
  43.05502 1 0.00000 0.00 - 1.00
  45.01351 1 45.01350 -0.12 H2C2F+ 1.00
  46.96847 1 46.96830 -3.53 CCl+ 1.00
  47.01030 1 0.00000 0.00 - 1.00
  47.97413 1 47.97613 41.67 HCCl+ 0.76
  47.99970 1 47.99945 -5.18 C4+ 1.00
  48.96793 1 48.96535 -52.61 C[37Cl]+ 0.86
  49.00767 1 49.00728 -8.03 HC4+ 0.96
  50.01554 1 50.01510 -8.77 H2C4+ 0.96
  51.02203 1 51.02293 17.57 H3C4+ 1.00
  52.02688 1 52.02628 -11.51 H3C3[13C]+ 1.00
  52.02688 2 52.03075 74.41 H4C4+ 1.00
  53.01135 1 0.00000 0.00 - 1.00
  54.99796 1 54.99785 -1.92 C3F+ 1.00
  56.00561 1 56.00568 1.24 HC3F+ 0.97
  57.01411 1 57.01350 -10.62 H2C3F+ 1.00
  58.01904 1 58.01686 -37.58 H2C2[13C]F+ 1.00
  58.01904 2 58.02133 39.46 H3C3F+ 1.00
  59.97805 1 59.97613 -32.03 HC2Cl+ 0.76
  61.00601 1 61.00728 20.76 HC5+ 1.00
  61.50179 1 0.00000 0.00 - 1.00
  62.01075 1 62.01063 -1.91 HC4[13C]+ 0.09
  62.50991 1 0.00000 0.00 - 1.00
  63.01747 1 0.00000 0.00 - 1.00
  63.51611 1 0.00000 0.00 - 1.00
  64.01969 1 64.01191 -121.56 H2C2F2+ 1.00
  64.01969 2 64.03075 172.78 H4C5+ 1.00
  64.99965 1 0.00000 0.00 - 1.00
  65.99823 1 0.00000 0.00 - 1.00
  66.97732 1 66.97453 -41.62 HCFCl+ 0.76
  68.00626 1 68.00568 -8.53 HC4F+ 0.96
  68.99496 1 68.99466 -4.34 CF3+ 0.99
  70.01932 1 70.02133 28.70 H3C4F+ 0.96
  70.97018 1 70.96830 -26.43 C3Cl+ 0.76
  72.00801 1 0.00000 0.00 - 1.00
  72.05370 1 0.00000 0.00 - 1.00
  72.51246 1 0.00000 0.00 - 1.00
  73.00476 1 73.00728 34.47 HC6+ 0.94
  74.01538 1 74.01510 -3.76 H2C6+ 1.00
  75.02051 1 75.01846 -27.37 H2C5[13C]+ 0.09
  75.02051 2 75.02293 32.21 H3C6+ 0.95
  76.02914 1 76.03075 21.20 H4C6+ 1.00
  77.02976 1 77.02964 -1.61 H3C4[13C]2+ 0.12
  77.02976 2 77.03411 56.42 H4C5[13C]+ 0.78
  78.99808 1 78.99785 -2.85 C5F+ 1.00
  79.99809 1 80.00121 38.99 C4[13C]F+ 0.06
  80.49827 1 0.00000 0.00 - 1.00
  81.00924 1 81.01350 52.64 H2C5F+ 1.00
  81.49710 1 0.00000 0.00 - 1.00
  82.01272 1 81.99801 -179.39 H4C2FCl+ 0.76
  82.01272 2 82.00249 -124.79 HC2F3+ 1.00
  82.01272 3 82.01686 50.47 H2C4[13C]F+ 1.00
  82.01272 4 82.02133 104.98 H3C5F+ 1.00
  82.96878 1 82.96830 -5.74 C4Cl+ 1.00
  83.97767 1 83.97613 -18.35 HC4Cl+ 1.00
  84.98538 1 84.98395 -16.78 H2C4Cl+ 1.00
  85.97927 1 85.97294 -73.67 HCF2Cl+ 0.76
  85.97927 2 85.97318 -70.84 HC4[37Cl]+ 0.76
  85.97927 3 85.98731 93.50 H2C3[13C]Cl+ 0.22
  85.97927 4 85.99178 145.49 H3C4Cl+ 1.00
  86.01291 1 86.01510 25.48 H2C7+ 0.93
  86.98773 1 86.98100 -77.32 H2C4[37Cl]+ 0.99
  86.98773 2 86.99513 85.12 H3C3[13C]Cl+ 0.05
  88.01135 1 88.01191 6.34 H2C4F2+ 0.96
  89.99800 1 0.00000 0.00 - 1.00
  90.97953 1 90.97453 -54.93 HC3FCl+ 0.74
  92.00607 1 92.00568 -4.24 HC6F+ 1.00
  93.00754 1 93.00903 16.07 HC5[13C]F+ 0.08
  94.02159 1 94.02133 -2.77 H3C6F+ 0.94
  95.02927 1 95.02915 -1.21 H4C6F+ 1.00
  95.97541 1 95.97613 7.49 HC5Cl+ 0.76
  96.03306 1 96.03251 -5.73 H4C5[13C]F+ 1.00
  96.98336 1 96.98395 6.13 H2C5Cl+ 0.76
  97.03671 1 97.02596 -110.77 H4C3F3+ 1.00
  97.03671 2 97.03586 -8.71 H4C4[13C]2F+ 0.54
  97.99514 1 97.99178 -34.30 H3C5Cl+ 0.76
  97.99514 2 97.99626 11.41 C5F2+ 1.00
  99.00465 1 99.00408 -5.73 HC5F2+ 1.00
  100.01093 1 100.00744 -34.92 HC4[13C]F2+ 0.33
  100.01093 2 100.01191 9.78 H2C5F2+ 0.95
  101.02021 1 101.01973 -4.72 H3C5F2+ 0.95
  101.96828 1 101.96671 -15.42 C4FCl+ 1.00
  102.99431 1 102.99785 34.42 C7F+ 1.00
  104.00319 1 104.00121 -19.04 C6[13C]F+ 0.12
  104.00319 2 104.00568 23.94 HC7F+ 1.00
  105.01299 1 105.00903 -37.67 HC6[13C]F+ 0.16
  105.01299 2 105.01350 4.90 H2C7F+ 1.00
  106.01380 1 106.01686 28.86 H2C6[13C]F+ 0.19
  106.01380 2 106.02133 71.03 H3C7F+ 1.00
  107.02876 1 107.02468 -38.08 H3C6[13C]F+ 0.09
  107.02876 2 107.02915 3.69 H4C7F+ 1.00
  107.97712 1 107.97613 -9.18 HC6Cl+ 1.00
  108.03254 1 108.03251 -0.28 H4C6[13C]F+ 0.99
  108.97820 1 108.97948 11.78 HC5[13C]Cl+ 0.06
  109.98653 1 109.99178 47.73 H3C6Cl+ 0.72
  110.99969 1 110.99960 -0.77 H4C6Cl+ 1.00
  112.00515 1 112.00296 -19.56 H4C5[13C]Cl+ 0.65
  112.99779 1 112.99641 -12.21 H4C3F2Cl+ 0.73
  112.99779 2 112.99665 -10.05 H4C6[37Cl]+ 1.00
  114.02217 1 114.02756 47.25 H4C6F2+ 0.94
  114.97640 1 114.97453 -16.24 HC5FCl+ 0.76
  116.99168 1 116.99018 -12.80 H3C5FCl+ 0.76
  116.99168 2 116.99466 25.48 C5F3+ 1.00
  118.00345 1 117.99801 -46.12 H4C5FCl+ 0.73
  118.00345 2 118.00249 -8.17 HC5F3+ 0.95
  118.06767 1 0.00000 0.00 - 1.00
  119.01120 1 119.01031 -7.47 H2C5F3+ 0.99
  120.01443 1 120.01367 -6.37 H2C4[13C]F3+ 1.00
  120.01443 2 120.01814 30.88 H3C5F3+ 1.00
  121.98276 1 121.97294 -80.54 HC4F2Cl+ 1.00
  121.98276 2 121.99178 73.94 H3C7Cl+ 1.00
  121.98276 3 121.99626 110.65 C7F2+ 1.00
  123.00482 1 123.00408 -5.99 HC7F2+ 1.00
  124.01102 1 124.00744 -28.89 HC6[13C]F2+ 0.34
  124.01102 2 124.01191 7.16 H2C7F2+ 0.93
  125.02112 1 125.01973 -11.10 H3C7F2+ 0.95
  126.02796 1 126.02756 -3.19 H4C7F2+ 0.99
  127.03205 1 127.02644 -44.14 H3C5[13C]2F2+ 0.11
  127.03205 2 127.03091 -8.95 H4C6[13C]F2+ 1.00
  127.98248 1 127.98236 -0.96 H2C6FCl+ 1.00
  128.98942 1 128.99018 5.91 H3C6FCl+ 0.72
  128.98942 2 128.99466 40.63 C6F3+ 0.94
  129.99960 1 0.00000 0.00 - 1.00
  131.00101 1 0.00000 0.00 - 1.00
  131.99658 1 0.00000 0.00 - 1.00
  132.99523 1 0.00000 0.00 - 1.00
  134.97961 1 134.98076 8.52 H2C5F2Cl+ 0.82
  136.97950 1 136.97781 -12.33 H2C5F2[37Cl]+ 1.00
  140.99124 1 140.99018 -7.50 H3C7FCl+ 0.84
  140.99124 2 140.99466 24.26 C7F3+ 1.00
  141.99767 1 141.99354 -29.10 H3C6[13C]FCl+ 0.38
  141.99767 2 141.99801 2.38 H4C7FCl+ 0.76
  141.99767 3 141.99802 2.43 C6[13C]F3+ 0.49
  141.99767 4 142.00249 33.92 HC7F3+ 1.00
  143.01106 1 143.01031 -5.24 H2C7F3+ 0.93
  144.01952 1 144.01814 -9.61 H3C7F3+ 0.93
  145.02831 1 0.00000 0.00 - 1.00
  146.03163 1 0.00000 0.00 - 1.00
  147.03352 1 0.00000 0.00 - 1.00
  147.98800 1 147.98859 3.96 H3C6F2Cl+ 0.76
  152.97239 1 152.97134 -6.87 HC5F3Cl+ 0.76
  158.98212 1 158.98076 -8.55 H2C7F2Cl+ 1.00
  159.98951 1 159.98412 -33.72 H2C6[13C]F2Cl+ 0.08
  159.98951 2 159.98859 -5.78 H3C7F2Cl+ 0.72
  160.07018 1 0.00000 0.00 - 1.00
  160.99815 1 0.00000 0.00 - 1.00
  162.00021 1 0.00000 0.00 - 1.00
  162.08163 1 0.00000 0.00 - 1.00
  162.99494 1 0.00000 0.00 - 1.00
  163.99821 1 0.00000 0.00 - 1.00
  164.08024 1 0.00000 0.00 - 1.00
  178.98913 1 178.98699 -11.96 H3C7F3Cl+ 0.70
  179.07704 1 0.00000 0.00 - 1.00
  179.99770 1 179.99481 -16.03 H4C7F3Cl+ 1.00
  180.99867 1 180.99817 -2.77 H4C6[13C]F3Cl+ 1.00
  180.99867 2 181.00109 13.37 H3[2H]C7F3Cl+ 0.01
  181.99460 1 181.99186 -15.04 H4C7F3[37Cl]+ 1.00
  182.08396 1 0.00000 0.00 - 1.00
  182.99748 1 182.99522 -12.36 H4C6[13C]F3[37Cl]+ 1.00
  182.99748 2 182.99814 3.61 H3[2H]C7F3[37Cl]+ 0.01
  183.08809 1 0.00000 0.00 - 1.00
  184.00144 1 183.99857 -15.58 H4C5[13C]2F3[37Cl]+ 1.00
PK$NUM_PEAK: 145
PK$PEAK: m/z int. rel.int.
  25.00721 588.07 0
  26.01490 3703.32 6
  27.02300 4756.39 7
  29.03891 754.63 1
  30.99814 14732.74 24
  33.01317 507.75 0
  34.96800 3877.20 6
  35.97662 2190.23 3
  35.99962 1403.03 2
  36.96615 1265.04 2
  37.00779 16949.87 27
  37.51196 794.33 1
  37.97454 635.13 1
  38.01545 20020.22 32
  39.02331 8530.69 14
  40.02875 271.47 0
  41.03933 2935.68 4
  42.04624 342.79 0
  43.05502 3034.77 4
  45.01351 397.77 0
  46.96847 2983.11 4
  47.01030 307.40 0
  47.97413 429.20 0
  47.99970 1183.60 1
  48.96793 1168.46 1
  49.00767 14519.24 23
  50.01554 116641.15 192
  51.02203 35857.76 59
  52.02688 1529.32 2
  53.01135 1416.69 2
  54.99796 1540.65 2
  56.00561 4084.59 6
  57.01411 15358.72 25
  58.01904 463.62 0
  59.97805 3941.98 6
  61.00601 11158.33 18
  61.50179 468.69 0
  62.01075 18008.22 29
  62.50991 3080.54 5
  63.01747 16591.53 27
  63.51611 779.65 1
  64.01969 563.20 0
  64.99965 804.38 1
  65.99823 438.34 0
  66.97732 813.93 1
  68.00626 6957.68 11
  68.99496 67277.14 110
  70.01932 2267.04 3
  70.97018 421.56 0
  72.00801 10800.11 17
  72.05370 1490.77 2
  72.51246 1104.61 1
  73.00476 23860.17 39
  74.01538 85360.32 140
  75.02051 169607.91 279
  76.02914 27937.94 46
  77.02976 2449.92 4
  78.99808 3149.48 5
  79.99809 15640.85 25
  80.49827 12907.93 21
  81.00924 10657.09 17
  81.49710 2843.47 4
  82.01272 592.71 0
  82.96878 95.78 0
  83.97767 8133.86 13
  84.98538 14739.40 24
  85.97927 3601.96 5
  86.01291 2496.56 4
  86.98773 5637.45 9
  88.01135 2779.42 4
  89.99800 2844.84 4
  90.97953 3380.22 5
  92.00607 3315.72 5
  93.00754 9524.46 15
  94.02159 13741.80 22
  95.02927 72101.88 118
  95.97541 302.64 0
  96.03306 4411.42 7
  96.98336 1377.91 2
  97.03671 249.69 0
  97.99514 1329.69 2
  99.00465 31091.98 51
  100.01093 5883.18 9
  101.02021 4441.74 7
  101.96828 279.84 0
  102.99431 1758.21 2
  104.00319 2944.91 4
  105.01299 2365.80 3
  106.01380 1463.49 2
  107.02876 6924.99 11
  107.97712 1422.60 2
  108.03254 548.28 0
  108.97820 6687.91 11
  109.98653 1702.05 2
  110.99969 37750.31 62
  112.00515 3900.29 6
  112.99779 11812.98 19
  114.02217 1487.99 2
  114.97640 696.13 1
  116.99168 1085.91 1
  118.00345 2086.96 3
  118.06767 91.23 0
  119.01120 11548.26 19
  120.01443 505.31 0
  121.98276 131.72 0
  123.00482 5627.80 9
  124.01102 1532.71 2
  125.02112 80782.81 133
  126.02796 27371.80 45
  127.03205 1889.59 3
  127.98248 114.96 0
  128.98942 3603.36 5
  129.99960 180795.70 297
  131.00101 12310.59 20
  131.99658 57018.66 93
  132.99523 4130.82 6
  134.97961 2070.73 3
  136.97950 279.05 0
  140.99124 1809.07 2
  141.99767 312.34 0
  143.01106 13230.41 21
  144.01952 13276.28 21
  145.02831 385240.81 634
  146.03163 28026.10 46
  147.03352 667.14 1
  147.98800 296.10 0
  152.97239 338.70 0
  158.98212 1596.34 2
  159.98951 3484.56 5
  160.07018 241.97 0
  160.99815 275784.09 454
  162.00021 20123.07 33
  162.08163 2231.74 3
  162.99494 84830.64 139
  163.99821 5792.39 9
  164.08024 634.74 1
  178.98913 23145.91 38
  179.07704 2480.34 4
  179.99770 606692.45 999
  180.99867 48521.34 79
  181.99460 188241.46 309
  182.08396 20438.04 33
  182.99748 8805.11 14
  183.08809 1600.75 2
  184.00144 134.00 0
//