ACCESSION: MSBNK-Empa_Air_Pollution-EAP__isoflurane
RECORD_TITLE: 2-Chloro-2-(difluoromethoxy)-1,1,1-trifluoroethane; GC-EI-TOF; MS; EI 70 eV
DATE: 2025-11-06
AUTHORS: Begley Alina, Constantin Lionel, Myriam Guillevic, Schlauri Paul, Schneider Livia, Reimann Stefan
LICENSE: CC BY
COPYRIGHT: Empa - Air Pollution / Environmental Technology
PROJECT: HALOHUNTER Discovering halogenated compounds in the atmosphere with non-target screening of preconcentrated air samples
CH$NAME: 2-Chloro-2-(difluoromethoxy)-1,1,1-trifluoroethane
CH$NAME: isoflurane
CH$COMPOUND_CLASS: other
CH$FORMULA: C3H2ClF5O
CH$EXACT_MASS: 183.97143
CH$SMILES: C(C(F)(F)F)(OC(F)F)Cl
CH$IUPAC: InChI=1S/C3H2ClF5O/c4-1(3(7,8)9)10-2(5)6/h1-2H
CH$LINK CAS: 26675-46-7
CH$LINK PubChem CID: 3763.0
AC$INSTRUMENT: 7890B GC, Agilent; EI TOF, ToFWerk.
AC$INSTRUMENT_TYPE: GC-EI-TOF
AC$MASS_SPECTROMETRY: MS_TYPE MS
AC$MASS_SPECTROMETRY: ION_MODE POSITIVE
AC$MASS_SPECTROMETRY: MASS_RANGE_M/Z  19-300
AC$MASS_SPECTROMETRY: IONIZATION EI
AC$MASS_SPECTROMETRY: IONIZATION_ENERGY 70 eV
AC$MASS_SPECTROMETRY: RESOLUTION 3000
AC$MASS_SPECTROMETRY: SCANNING_SETTING 6 scan/sec
AC$MASS_SPECTROMETRY: SOURCE_TEMPERATURE 230 C
AC$CHROMATOGRAPHY: CARRIER_GAS Helium
AC$CHROMATOGRAPHY: COLUMN_NAME Gaspro bonded silica PLOT column 113-4362 id=320 um L=60 m (Agilent J&W)
AC$CHROMATOGRAPHY: PRE_COLUMN_NAME Gaspro bonded silica PLOT column 113-4362 id=320 um L=5 m (Agilent J&W)
AC$CHROMATOGRAPHY: COLUMN_TEMPERATURE 200 C
AC$CHROMATOGRAPHY: FLOW_RATE 30 mL/min
AC$CHROMATOGRAPHY: INJECTION_TEMPERATURE 40 C
AC$CHROMATOGRAPHY: INLET_TYPE direct inlet
AC$CHROMATOGRAPHY: TRANSFERLINE_TEMPERATURE 200 C
AC$CHROMATOGRAPHY: KOVATS_RTI 679
PK$SPLASH splash10-0uxr-9600000000-f06842633f1ef4ff0770
PK$NUM_PEAKS 102
PK$ANNOTATION: m/z error(ppm)
    23.98093 60.88
    24.98983 54.31
    25.99855 68.56
    28.98925 50.02
    29.99467 52.32
    30.98699 50.04
    33.00429 51.5
    34.96134 50.18
    35.97035 50.26
    36.96059 50.48
    37.96946 50.59
    38.96020 51.24
    41.00093 66.7
    41.03771 51.16
    42.04657 56.64
    42.99905 51.94
    43.99667 109.52
    45.01411 59.05
    46.97243 50.2
    46.99725 50.29
    47.98160 50.11
    48.97246 50.8
    49.01446 50.49
    50.00294 50.1
    51.01216 50.01
    51.17112 77.73
    52.01641 50.22
    55.06510 53.57
    58.98262 62.27
    60.01552 52.4
    61.02200 72.91
    62.01255 51.71
    62.98018 50.2
    63.02100 50.18
    63.98252 55.76
    64.02571 56.43
    64.99617 50.32
    65.98778 50.59
    66.99468 50.02
    67.99526 52.27
    69.01386 50.05
    70.01881 53.09
    71.03220 53.82
    78.01682 50.49
    79.02650 50.02
    80.03433 50.09
    81.03160 54.67
    81.95579 69.62
    82.03157 50.31
    82.99820 56.57
    83.03677 56.27
    83.11552 58.09
    84.12349 56.16
    84.99569 50.49
    86.00418 55.24
    87.01229 50.03
    88.01565 51.87
    89.01042 50.05
    90.01479 54.47
    91.03359 60.74
    93.01157 65.91
    95.00471 50.06
    96.00875 54.03
    97.00414 50.23
    98.01135 50.58
    99.04145 50.5
    100.00778 50.49
    101.03848 50.49
    102.04280 59.05
    110.03861 55.86
    113.00104 61.52
    114.00977 50.96
    115.01796 50.01
    116.01584 50.36
    117.01450 50.01
    118.01638 50.33
    119.01157 50.02
    120.01477 50.89
    121.05093 51.45
    129.04116 60.01
    130.04854 50.7
    133.01160 53.51
    135.00893 72.25
    137.02307 50.62
    139.02080 52.25
    145.01481 61.02
    148.04038 50.75
    148.11684 64.66
    149.04877 50.01
    150.05174 50.09
    151.05295 51.1
    152.05951 59.05
    164.00959 53.76
    165.01645 52.77
    166.00982 59.71
    167.01689 59.34
    183.00463 53.55
    184.99458 51.54
    232.96050 53.96
    251.95248 52.05
    253.94708 53.69
    269.90825 53.99
PK$PEAKS:  m/z int. rel.int.
  23.98093 273.73 0.0
  24.98983 537.25 0.0
  25.99855 166.51 0.0
  28.98925 166963.94 11.0
  29.99467 2369.92 0.0
  30.98699 48979.54 3.0
  33.00429 1830.53 0.0
  34.96134 11175.03 0.0
  35.97035 5423.08 0.0
  36.96059 3391.66 0.0
  37.96946 2101.70 0.0
  38.96020 1182.70 0.0
  41.00093 86.46 0.0
  41.03771 427.88 0.0
  42.04657 73.59 0.0
  42.99905 1695.92 0.0
  43.99667 3173.02 0.0
  45.01411 540.87 0.0
  46.97243 9128.96 0.0
  46.99725 11807.53 0.0
  47.98160 24870.95 1.0
  48.97246 3210.50 0.0
  49.01446 4465.54 0.0
  50.00294 37513.19 2.0
  51.01216 1440906.68 100.0
  51.17112 1106.45 0.0
  52.01641 16865.09 1.0
  55.06510 583.84 0.0
  58.98262 192.39 0.0
  60.01552 1526.32 0.0
  61.02200 67.62 0.0
  62.01255 1088.17 0.0
  62.98018 9848.70 0.0
  63.02100 9345.80 0.0
  63.98252 219.44 0.0
  64.02571 225.60 0.0
  64.99617 12862.50 0.0
  65.98778 3423.96 0.0
  66.99468 174069.92 12.0
  67.99526 2675.37 0.0
  69.01386 136872.43 9.0
  70.01881 1662.18 0.0
  71.03220 651.13 0.0
  78.01682 5271.63 0.0
  79.02650 157807.63 10.0
  80.03433 28504.53 1.0
  81.03160 1125.80 0.0
  81.95579 103.44 0.0
  82.03157 6887.16 0.0
  82.99820 88.55 0.0
  83.03677 167.10 0.0
  83.11552 17.28 0.0
  84.12349 305.74 0.0
  84.99569 5195.74 0.0
  86.00418 319.12 0.0
  87.01229 95846.78 6.0
  88.01565 1041.83 0.0
  89.01042 31190.24 2.0
  90.01479 349.04 0.0
  91.03359 41.20 0.0
  93.01157 215.87 0.0
  95.00471 28873.00 2.0
  96.00875 710.85 0.0
  97.00414 13126.50 0.0
  98.01135 14030.49 0.0
  99.04145 5920.81 0.0
  100.00778 4237.83 0.0
  101.03848 4919.16 0.0
  102.04280 81.08 0.0
  110.03861 370.49 0.0
  113.00104 139.84 0.0
  114.00977 1793.34 0.0
  115.01796 359992.30 24.0
  116.01584 11896.99 0.0
  117.01450 496004.23 34.0
  118.01638 11230.86 0.0
  119.01157 120628.22 8.0
  120.01477 2477.56 0.0
  121.05093 1134.14 0.0
  129.04116 267.14 0.0
  130.04854 1680.47 0.0
  133.01160 301.97 0.0
  135.00893 89.28 0.0
  137.02307 1834.26 0.0
  139.02080 583.11 0.0
  145.01481 122.19 0.0
  148.04038 2437.26 0.0
  148.11684 173.76 0.0
  149.04877 660430.05 45.0
  150.05174 20617.86 1.0
  151.05295 1405.31 0.0
  152.05951 28.10 0.0
  164.00959 261.47 0.0
  165.01645 490.20 0.0
  166.00982 79.01 0.0
  167.01689 46.67 0.0
  183.00463 230.64 0.0
  184.99458 80.10 0.0
  232.96050 161.81 0.0
  251.95248 224.29 0.0
  253.94708 315.12 0.0
  269.90825 243.56 0.0
