ACCESSION: MSBNK-Empa_Air_Pollution-EAP__H_2311
RECORD_TITLE: 2-bromo-2-chloro-1,1,1-trifluoroethane; GC-EI-TOF; MS; EI 70 eV
DATE: 2026.02.16
AUTHORS: Begley Alina, Constantin Lionel, Myriam Guillevic, Schlauri Paul, Schneider Livia, Reimann Stefan
LICENSE: CC BY
COPYRIGHT: Empa - Air Pollution / Environmental Technology
PROJECT: HALOHUNTER Discovering halogenated compounds in the atmosphere with non-target screening of preconcentrated air samples
CH$NAME: 2-bromo-2-chloro-1,1,1-trifluoroethane
CH$NAME: H-2311
CH$NAME: halothane
CH$COMPOUND_CLASS: Halon
CH$FORMULA: C2HBrClF3
CH$EXACT_MASS: 195.89022
CH$SMILES: C(C(F)(F)F)(Cl)Br
CH$IUPAC: InChI=1S/C2HBrClF3/c3-1(4)2(5,6)7/h1H
CH$LINK: CAS 151-67-7
CH$LINK: PUBCHEM CID:3562
SP$LINK: HCP-004Carba 240504.1429.tank.11
AC$INSTRUMENT: 7890B GC, Agilent; EI TOF, ToFWerk.
AC$INSTRUMENT_TYPE: GC-EI-TOF
AC$MASS_SPECTROMETRY: MS_TYPE MS
AC$MASS_SPECTROMETRY: ION_MODE POSITIVE
AC$MASS_SPECTROMETRY: MASS_RANGE_M/Z  19-300
AC$MASS_SPECTROMETRY: IONIZATION EI
AC$MASS_SPECTROMETRY: IONIZATION_ENERGY 70 eV
AC$MASS_SPECTROMETRY: RESOLUTION 3000
AC$MASS_SPECTROMETRY: SCANNING_SETTING 6 scan/sec
AC$MASS_SPECTROMETRY: SOURCE_TEMPERATURE 230 C
AC$CHROMATOGRAPHY: CARRIER_GAS Helium
AC$CHROMATOGRAPHY: COLUMN_NAME Gaspro bonded silica PLOT column 113-4362 id=320 um L=60 m (Agilent J&W)
AC$CHROMATOGRAPHY: PRE_COLUMN_NAME Gaspro bonded silica PLOT column 113-4362 id=320 um L=5 m (Agilent J&W)
AC$CHROMATOGRAPHY: COLUMN_TEMPERATURE 200 C
AC$CHROMATOGRAPHY: FLOW_RATE 30 mL/min
AC$CHROMATOGRAPHY: INJECTION_TEMPERATURE 40 C
AC$CHROMATOGRAPHY: INLET_TYPE direct inlet
AC$CHROMATOGRAPHY: TRANSFERLINE_TEMPERATURE 200 C
AC$CHROMATOGRAPHY: KOVATS_RTI 639
PK$SPLASH: splash10-00kb-2900000000-3fdd59ce4f023d387999
PK$ANNOTATION: m/z formula_count exact_mass error(ppm) tentative_formula intensity_fraction
  18.99770 1 18.99785 8.14 F+ 1.00
  19.98470 1 0.00000 0.00 - 1.00
  22.98922 1 0.00000 0.00 - 1.00
  23.97039 1 0.00000 0.00 - 1.00
  23.99943 1 23.99945 0.89 C2+ 0.98
  24.97585 1 0.00000 0.00 - 1.00
  25.00729 1 25.00728 -0.54 HC2+ 0.98
  29.00269 1 0.00000 0.00 - 1.00
  30.00948 1 0.00000 0.00 - 1.00
  30.99820 1 30.99785 -11.14 CF+ 0.99
  31.98989 1 0.00000 0.00 - 1.00
  33.00945 1 0.00000 0.00 - 1.00
  34.96847 1 34.96830 -4.74 Cl+ 1.00
  35.97662 1 35.97613 -13.64 HCl+ 1.00
  36.96551 1 36.96535 -4.22 [37Cl]+ 0.98
  37.97368 1 37.97318 -13.19 H[37Cl]+ 0.97
  40.45857 1 0.00000 0.00 - 1.00
  42.99825 1 42.99785 -9.20 C2F+ 0.98
  43.05490 1 0.00000 0.00 - 1.00
  44.00558 1 44.00568 2.26 HC2F+ 1.00
  45.00885 1 45.00903 4.10 HC[13C]F+ 1.00
  46.96876 1 46.96830 -9.71 CCl+ 1.00
  47.97645 1 47.97613 -6.69 HCCl+ 1.00
  48.96588 1 48.96535 -10.74 C[37Cl]+ 0.95
  49.97336 1 49.97318 -3.62 HC[37Cl]+ 0.96
  49.99658 1 49.99626 -6.45 CF2+ 0.99
  51.00449 1 51.00408 -7.98 HCF2+ 1.00
  52.00813 1 52.00744 -13.31 H[13C]F2+ 0.98
  53.96679 1 0.00000 0.00 - 1.00
  58.96860 1 58.96830 -5.02 C2Cl+ 0.97
  59.97619 1 59.97613 -1.01 HC2Cl+ 0.75
  60.96627 1 60.96535 -15.02 C2[37Cl]+ 1.00
  61.99628 1 61.99626 -0.36 C2F2+ 0.98
  63.00437 1 63.00408 -4.56 HC2F2+ 1.00
  64.00772 1 64.00744 -4.41 HC[13C]F2+ 0.95
  64.44724 1 0.00000 0.00 - 1.00
  65.96705 1 65.96671 -5.20 CFCl+ 0.75
  66.97490 1 66.97453 -5.49 HCFCl+ 0.75
  67.96795 1 0.00000 0.00 - 1.00
  68.99262 1 0.00000 0.00 - 1.00
  69.99540 1 0.00000 0.00 - 1.00
  70.96139 1 0.00000 0.00 - 1.00
  71.45762 1 0.00000 0.00 - 1.00
  71.96009 1 0.00000 0.00 - 1.00
  77.96699 1 77.96671 -3.63 C2FCl+ 1.00
  78.91762 1 78.91779 2.14 Br+ 1.00
  79.44089 1 0.00000 0.00 - 1.00
  79.92554 1 79.92561 0.93 HBr+ 1.00
  79.96418 1 79.96376 -5.29 C2F[37Cl]+ 0.87
  80.91554 1 80.91574 2.49 [81Br]+ 0.99
  81.92382 1 81.92357 -3.10 H[81Br]+ 0.98
  82.00280 1 82.00249 -3.83 HC2F3+ 1.00
  83.00743 1 83.00584 -19.15 HC[13C]F3+ 0.89
  84.96532 1 84.96511 -2.47 CF2Cl+ 1.00
  85.96867 1 85.96847 -2.38 [13C]F2Cl+ 1.00
  85.96867 2 85.97294 49.62 HCF2Cl+ 0.76
  86.96233 1 86.96216 -1.95 CF2[37Cl]+ 0.95
  87.94227 1 0.00000 0.00 - 1.00
  88.44601 1 0.00000 0.00 - 1.00
  88.94057 1 0.00000 0.00 - 1.00
  89.44502 1 0.00000 0.00 - 1.00
  89.93962 1 0.00000 0.00 - 1.00
  90.44106 1 0.00000 0.00 - 1.00
  90.91789 1 90.91779 -1.11 CBr+ 1.00
  91.92575 1 91.92561 -1.48 HCBr+ 0.99
  92.91599 1 92.91574 -2.68 C[81Br]+ 0.97
  93.92369 1 93.92357 -1.32 HC[81Br]+ 0.99
  94.92655 1 94.92692 3.91 H[13C][81Br]+ 1.00
  94.96969 1 0.00000 0.00 - 1.00
  96.96536 1 96.96511 -2.57 C2F2Cl+ 0.74
  97.97346 1 97.97294 -5.35 HC2F2Cl+ 0.99
  98.97123 1 0.00000 0.00 - 1.00
  99.97045 1 99.96999 -4.65 HC2F2[37Cl]+ 0.98
  100.97395 1 100.97334 -6.04 HC[13C]F2[37Cl]+ 1.00
  100.97395 2 100.97626 22.90 [2H]C2F2[37Cl]+ 0.01
  102.91874 1 102.91779 -9.24 C2Br+ 1.00
  103.92558 1 103.92561 0.33 HC2Br+ 0.98
  104.91608 1 104.91574 -3.23 C2[81Br]+ 1.00
  105.92379 1 105.91910 -44.32 C[13C][81Br]+ 0.03
  105.92379 2 105.92357 -2.11 HC2[81Br]+ 0.98
  109.91657 1 109.91619 -3.44 CFBr+ 1.00
  110.92457 1 110.92402 -4.98 HCFBr+ 1.00
  111.91528 1 111.91414 -10.15 CF[81Br]+ 0.96
  112.92250 1 112.92197 -4.70 HCF[81Br]+ 0.99
  113.81398 1 0.00000 0.00 - 1.00
  113.88747 1 113.88664 -7.27 ClBr+ 1.00
  113.92676 1 113.92532 -12.60 H[13C]F[81Br]+ 0.94
  113.92676 2 113.92825 13.04 [2H]CF[81Br]+ 0.01
  114.97678 1 0.00000 0.00 - 1.00
  115.88457 1 115.88369 -7.58 [37Cl]Br+ 0.37
  115.88457 2 115.88459 0.21 Cl[81Br]+ 1.00
  115.96403 1 115.96351 -4.45 C2F3Cl+ 0.74
  116.97225 1 116.97134 -7.79 HC2F3Cl+ 1.00
  117.21780 1 0.00000 0.00 - 1.00
  117.88585 1 117.88164 -35.68 [37Cl][81Br]+ 1.00
  117.97388 1 117.97469 6.90 HC[13C]F3Cl+ 0.93
  118.96925 1 118.96839 -7.24 HC2F3[37Cl]+ 1.00
  119.97232 1 119.97174 -4.81 HC[13C]F3[37Cl]+ 1.00
  121.91667 1 0.00000 0.00 - 1.00
  122.92393 1 122.92402 0.71 HC2FBr+ 1.00
  122.99054 1 0.00000 0.00 - 1.00
  123.91471 1 0.00000 0.00 - 1.00
  124.92097 1 124.92197 8.00 HC2F[81Br]+ 0.94
  125.88718 1 125.88664 -4.28 CClBr+ 0.38
  126.89536 1 0.00000 0.00 - 1.00
  127.88683 1 0.00000 0.00 - 1.00
  128.89339 1 0.00000 0.00 - 1.00
  129.88955 1 0.00000 0.00 - 1.00
  130.89132 1 0.00000 0.00 - 1.00
  131.89442 1 0.00000 0.00 - 1.00
  137.88738 1 137.88664 -5.35 C2ClBr+ 1.00
  139.88556 1 139.88369 -13.36 C2[37Cl]Br+ 0.35
  139.88556 2 139.88459 -6.91 C2Cl[81Br]+ 1.00
  140.91526 1 140.91460 -4.72 C2F2Br+ 1.00
  141.92313 1 141.92242 -5.00 HC2F2Br+ 0.98
  142.91401 1 142.91255 -10.23 C2F2[81Br]+ 0.93
  142.98752 1 0.00000 0.00 - 1.00
  143.92103 1 143.92037 -4.57 HC2F2[81Br]+ 0.97
  144.88636 1 144.88504 -9.08 CFClBr+ 1.00
  145.89118 1 145.88840 -19.06 [13C]FClBr+ 1.00
  145.89118 2 145.89287 11.58 HCFClBr+ 1.00
  146.88364 1 146.88209 -10.52 CF[37Cl]Br+ 0.37
  146.88364 2 146.88300 -4.38 CFCl[81Br]+ 1.00
  147.88807 1 147.88545 -17.72 [13C]F[37Cl]Br+ 0.46
  147.88807 2 147.88635 -11.62 [13C]FCl[81Br]+ 1.00
  147.88807 3 147.88992 12.51 HCF[37Cl]Br+ 0.34
  147.88807 4 147.89082 18.61 HCFCl[81Br]+ 1.00
  148.88072 1 148.88005 -4.52 CF[37Cl][81Br]+ 1.00
  156.88655 1 156.88504 -9.59 C2FClBr+ 1.00
  158.88353 1 158.88209 -9.03 C2F[37Cl]Br+ 0.33
  158.88353 2 158.88300 -3.35 C2FCl[81Br]+ 0.99
  159.91383 1 159.91300 -5.20 C2F3Br+ 1.00
  159.99560 1 0.00000 0.00 - 1.00
  160.92160 1 160.92082 -4.83 HC2F3Br+ 0.99
  161.91252 1 161.91095 -9.69 C2F3[81Br]+ 0.94
  162.91981 1 162.91878 -6.35 HC2F3[81Br]+ 0.98
  163.92199 1 163.92213 0.86 HC[13C]F3[81Br]+ 1.00
  175.88440 1 175.88345 -5.41 C2F2ClBr+ 0.38
  175.97385 1 0.00000 0.00 - 1.00
  176.89283 1 176.89127 -8.80 HC2F2ClBr+ 0.51
  177.88593 1 0.00000 0.00 - 1.00
  178.89065 1 0.00000 0.00 - 1.00
  179.78713 1 0.00000 0.00 - 1.00
  179.88933 1 179.89168 13.05 HC[13C]F2[37Cl]Br+ 0.09
  180.88757 1 180.88628 -7.16 HC2F2[37Cl][81Br]+ 0.51
  181.89061 1 181.88963 -5.39 HC[13C]F2[37Cl][81Br]+ 0.54
  181.98767 1 0.00000 0.00 - 1.00
  194.88248 1 0.00000 0.00 - 1.00
  194.98226 1 0.00000 0.00 - 1.00
  195.89137 1 0.00000 0.00 - 1.00
  196.89167 1 0.00000 0.00 - 1.00
  197.88918 1 0.00000 0.00 - 1.00
  198.89138 1 0.00000 0.00 - 1.00
  198.99132 1 0.00000 0.00 - 1.00
  199.88633 1 0.00000 0.00 - 1.00
  200.88918 1 0.00000 0.00 - 1.00
  200.99241 1 0.00000 0.00 - 1.00
  218.94455 1 0.00000 0.00 - 1.00
  235.94416 1 0.00000 0.00 - 1.00
  269.90802 1 0.00000 0.00 - 1.00
PK$NUM_PEAK: 148
PK$PEAK: m/z int. rel.int.
  18.99770 529.47 0
  19.98470 167.00 0
  22.98922 119.57 0
  23.97039 45.40 0
  23.99943 3050.11 1
  24.97585 90.21 0
  25.00729 5152.02 2
  29.00269 1909.48 0
  30.00948 266.47 0
  30.99820 131950.60 59
  31.98989 4136.07 1
  33.00945 259.68 0
  34.96847 32873.41 14
  35.97662 5419.09 2
  36.96551 10757.30 4
  37.97368 1796.40 0
  40.45857 23.81 0
  42.99825 11143.92 4
  43.05490 103.30 0
  44.00558 45396.95 20
  45.00885 1013.78 0
  46.96876 89284.56 40
  47.97645 112605.33 50
  48.96588 30234.44 13
  49.97336 37632.22 16
  49.99658 41562.17 18
  51.00449 98592.47 44
  52.00813 1122.07 0
  53.96679 59.35 0
  58.96860 1889.35 0
  59.97619 2249.13 1
  60.96627 577.07 0
  61.99628 8108.28 3
  63.00437 64749.75 29
  64.00772 1532.75 0
  64.44724 20.08 0
  65.96705 26210.50 11
  66.97490 433271.11 194
  67.96795 11423.35 5
  68.99262 300564.11 134
  69.99540 3171.13 1
  70.96139 1931.64 0
  71.45762 59.06 0
  71.96009 1982.56 0
  77.96699 10545.00 4
  78.91762 145416.04 65
  79.44089 54.44 0
  79.92554 8927.46 4
  79.96418 3919.48 1
  80.91554 145552.09 65
  81.92382 9070.44 4
  82.00280 40216.00 18
  83.00743 1011.08 0
  84.96532 21839.27 9
  85.96867 180.78 0
  86.96233 7441.01 3
  87.94227 879.95 0
  88.44601 472.75 0
  88.94057 1205.50 0
  89.44502 672.13 0
  89.93962 265.58 0
  90.44106 135.71 0
  90.91789 53772.07 24
  91.92575 66083.74 29
  92.91599 53862.14 24
  93.92369 64455.96 28
  94.92655 622.33 0
  94.96969 709.67 0
  96.96536 22485.20 10
  97.97346 467301.36 209
  98.97123 15850.56 7
  99.97045 151294.30 67
  100.97395 3327.08 1
  102.91874 1325.19 0
  103.92558 1266.93 0
  104.91608 1329.10 0
  105.92379 1239.87 0
  109.91657 19513.05 8
  110.92457 141498.57 63
  111.91528 20296.15 9
  112.92250 140110.77 62
  113.81398 74.58 0
  113.88747 2502.72 1
  113.92676 1661.75 0
  114.97678 84.19 0
  115.88457 3640.29 1
  115.96403 23472.27 10
  116.97225 2229016.83 999
  117.21780 33.18 0
  117.88585 1221.59 0
  117.97388 53835.79 24
  118.96925 711857.48 319
  119.97232 15353.25 6
  121.91667 5595.92 2
  122.92393 1038.42 0
  122.99054 53.76 0
  123.91471 5545.53 2
  124.92097 1100.50 0
  125.88718 20987.19 9
  126.89536 497738.02 223
  127.88683 31272.46 14
  128.89339 661125.91 296
  129.88955 12789.03 5
  130.89132 167313.18 74
  131.89442 1693.64 0
  137.88738 146.76 0
  139.88556 170.79 0
  140.91526 8014.21 3
  141.92313 28750.68 12
  142.91401 8658.50 3
  142.98752 546.82 0
  143.92103 28356.34 12
  144.88636 17908.33 8
  145.89118 156.88 0
  146.88364 23684.48 10
  147.88807 209.85 0
  148.88072 5618.06 2
  156.88655 965.11 0
  158.88353 1374.36 0
  159.91383 8145.83 3
  159.99560 417.83 0
  160.92160 21422.56 9
  161.91252 8620.16 3
  162.91981 20889.79 9
  163.92199 340.12 0
  175.88440 8249.75 3
  175.97385 771.04 0
  176.89283 313327.70 140
  177.88593 22365.25 10
  178.89065 410232.29 183
  179.78713 205.21 0
  179.88933 12308.13 5
  180.88757 98118.14 43
  181.89061 2050.38 0
  181.98767 122.77 0
  194.88248 4430.72 1
  194.98226 366.79 0
  195.89137 1258655.37 564
  196.89167 31090.01 13
  197.88918 1640171.32 735
  198.89138 34956.70 15
  198.99132 2388.47 1
  199.88633 393419.02 176
  200.88918 8219.01 3
  200.99241 647.43 0
  218.94455 163.66 0
  235.94416 147.01 0
  269.90802 314.93 0
//