ACCESSION: MSBNK-NILU-NL0476
RECORD_TITLE: PBDE-66; GC-EI-TOF; MS; Positive
DATE: 2024.08.05
AUTHORS: MILK, NILU
LICENSE: CC BY
COPYRIGHT: MILK, NILU
CH$NAME: PBDE-66
CH$NAME: 2,3',4,4'-Tetrabromodiphenyl ether
CH$COMPOUND_CLASS: Non-Natural Product; Brominated Flame Retardant
CH$FORMULA: C12H6Br4O
CH$EXACT_MASS: 481.7152
CH$SMILES: BrC1=CC(Br)=C(C=C1)OC1=CC(Br)=C(Br)C=C1
CH$IUPAC: InChI=1S/C12H6Br4O/c13-7-1-4-12(11(16)5-7)17-8-2-3-9(14)10(15)6-8/h1-6H
AC$INSTRUMENT: Agilent 7200 QTOF
AC$INSTRUMENT_TYPE: GC-EI-TOF
AC$MASS_SPECTROMETRY: MS_TYPE MS
AC$MASS_SPECTROMETRY: ION_MODE POSITIVE
AC$CHROMATOGRAPHY: INJECTION_TEMPERATURE 280 C
AC$CHROMATOGRAPHY: KOVATS_RTI 2313.781
MS$FOCUSED_ION: BASE_PEAK 325.8765
PK$SPLASH: splash10-004i-2329500000-801a033db386c7f9dd06
PK$NUM_PEAK: 191
PK$PEAK: m/z int. rel.int.
28.00602 1550 3.81
29.00282 523 1.285
37.00812 1822 4.478
38.01592 2372 5.83
39.02363 2166 5.324
41.03941 2392 5.88
43.05508 1291 3.174
43.99006 868 2.133
44.05814 531 1.305
49.00814 1032 2.538
50.01549 6133 15.074
51.02337 1562 3.839
53.00256 1354 3.327
55.00736 913 2.245
55.05457 2978 7.321
56.06234 832 2.044
57.07039 4486 11.027
60.02156 459 1.129
61.00738 4746 11.666
62.01544 17576 43.2
62.04172 940 2.312
63.02315 58327 143.365
64.0292 4203 10.332
68.01533 2555 6.28
68.51869 2277 5.597
69.02254 5792 14.236
69.07014 944 2.321
69.52646 2389 5.873
73.00747 4029 9.904
73.04717 465 1.144
74.01514 43298 106.425
75.02286 67362 165.574
76.02861 6925 17.022
77.0378 416 1.023
78.91814 1788 4.395
79.92532 3265 8.024
80.91504 1784 4.384
81.92288 3278 8.057
83.01994 1960 4.817
83.0854 744 1.828
84.02723 461 1.132
85.00703 812 1.996
85.10098 791 1.945
86.01489 2356 5.79
87.02259 3958 9.727
88.03027 2467 6.063
89.03838 936 2.302
91.01737 1863 4.58
91.05408 3504 8.613
92.02622 1063 2.613
95.08556 1112 2.733
98.01514 1049 2.577
99.02217 1005 2.471
99.11614 1129 2.774
107.97758 2716 6.676
108.48181 10567 25.973
108.97873 2947 7.244
109.48067 9925 24.395
109.98035 1359 3.34
110.01629 1626 3.997
111.02248 2113 5.193
112.03017 1564 3.845
113.03716 2032 4.996
115.92508 2088 5.133
116.9324 4697 11.546
117.92374 1846 4.537
118.93091 4640 11.404
121.97584 1171 2.879
122.47858 2111 5.19
122.98163 5231 12.858
123.47873 2693 6.62
123.98135 4616 11.345
127.92514 3299 8.109
128.93236 1082 2.66
129.92349 3318 8.155
130.9314 983 2.416
137.03848 21273 52.289
137.07362 1246 3.062
138.04604 30391 74.7
138.07722 1652 4.061
139.05312 13637 33.518
140.05655 1889 4.644
140.93311 4072 10.008
141.94041 7481 18.388
142.93312 6938 17.053
143.93864 7517 18.476
144.94428 2536 6.234
147.4368 1253 3.079
148.43558 2232 5.487
149.43503 1334 3.278
152.93289 11014 27.073
153.94019 22658 55.692
153.97977 1368 3.363
154.93269 10367 25.482
155.93904 21319 52.402
156.94389 3263 8.02
161.93768 25806 63.431
162.43892 3571 8.778
162.93707 52758 129.678
162.97926 2293 5.635
163.43869 7044 17.315
163.93588 25062 61.602
163.9773 1584 3.892
164.43639 3606 8.862
166.04082 8246 20.268
166.07582 799 1.963
167.04872 3886 9.551
168.05731 3678 9.04
169.93553 6549 16.098
170.94218 1118 2.748
171.9335 6053 14.877
172.84003 1414 3.475
172.94054 1000 2.458
190.94739 1211 2.977
192.94917 1323 3.253
196.8417 1478 3.633
201.39586 864 2.124
201.89272 1347 3.312
202.39539 2134 5.245
202.89224 1209 2.971
203.39508 1947 4.785
215.95581 1614 3.966
216.96429 39731 97.657
217.966 5429 13.344
218.96219 37333 91.763
219.0058 1546 3.801
219.96449 4376 10.757
220.85854 10757 26.441
222.85629 21156 52
223.86055 1082 2.659
224.85382 10164 24.982
224.89717 640 1.572
232.85936 4782 11.754
234.85643 9667 23.761
235.85876 922 2.267
236.85388 4960 12.193
243.95099 3103 7.627
244.95871 14703 36.139
245.00229 565 1.388
245.96629 30155 74.12
246.01581 871 2.14
246.95943 16540 40.654
247.9648 28856 70.926
248.85419 2395 5.886
248.96712 3348 8.228
249.86114 2118 5.205
250.85193 4365 10.73
251.86008 3687 9.063
252.85141 2511 6.173
253.85652 1955 4.805
272.87314 937 2.303
294.87122 2225 5.468
295.87979 1048 2.576
296.87503 4811 11.825
297.87979 1974 4.853
298.87616 3420 8.407
299.87598 1037 2.55
300.88666 1009 2.48
323.87769 201827 496.085
324.88013 22847 56.156
324.93265 817 2.008
324.97763 710 1.745
325.87653 406433 999
326.87839 46019 113.112
326.94244 2331 5.731
327.87402 196745 483.592
328.87729 20649 50.755
329.88382 2888 7.099
374.79913 1349 3.316
376.79858 3456 8.495
378.79498 3595 8.835
380.79898 1284 3.157
401.78781 2378 5.845
403.79572 11189 27.503
404.79688 1837 4.514
405.79862 23917 58.787
406.80121 3103 7.627
407.79797 21116 51.903
408.80231 2766 6.799
409.79709 6159 15.139
410.8028 785 1.93
481.71469 24169 59.406
482.71649 2832 6.961
483.71262 106392 261.509
484.71539 12037 29.586
485.71118 166688 409.715
486.71469 17973 44.176
487.70892 101499 249.48
488.71198 11369 27.945
489.70624 22233 54.649
490.70911 2720 6.686
//

