ACCESSION: MSBNK-NILU-NL0460
RECORD_TITLE: PBDE-138; GC-EI-TOF; MS; Positive
DATE: 2025.04.02
AUTHORS: MILK, NILU
LICENSE: CC BY
COPYRIGHT: MILK, NILU
CH$NAME: PBDE-138
CH$NAME: 2,2',3,4,4',5'-Hexabromodiphenyl ether
CH$COMPOUND_CLASS: Non-Natural Product; Brominated Flame Retardant
CH$FORMULA: C12H4Br6O
CH$EXACT_MASS: 637.53622
CH$SMILES: BrC1C=CC(OC2C=C(Br)C(Br)=CC=2Br)=C(Br)C=1Br
CH$IUPAC: InChI=1S/C12H4Br6O/c13-5-1-2-9(12(18)11(5)17)19-10-4-7(15)6(14)3-8(10)16/h1-4H
AC$INSTRUMENT: Agilent 7200 QTOF
AC$INSTRUMENT_TYPE: GC-EI-TOF
AC$MASS_SPECTROMETRY: MS_TYPE MS
AC$MASS_SPECTROMETRY: ION_MODE POSITIVE
AC$CHROMATOGRAPHY: INJECTION_TEMPERATURE 280 C
AC$CHROMATOGRAPHY: KOVATS_RTI 2893.655
MS$FOCUSED_ION: BASE_PEAK 483.6963
PK$SPLASH: splash10-001l-2231904000-a5b44b7d2c77712df42d
PK$NUM_PEAK: 238
PK$PEAK: m/z int. rel.int.
  26.01604 288 1.436
  27.02367 255 1.27
  28.00622 3696 18.438
  38.01586 354 1.767
  39.0237 2368 11.812
  43.01929 686 3.421
  44.05815 283 1.412
  49.00741 519 2.588
  53.00293 834 4.161
  53.0394 278 1.389
  54.04632 224 1.118
  55.0089 1172 5.846
  55.05479 1686 8.414
  57.07052 4536 22.632
  60.02053 1156 5.767
  61.00796 7627 38.052
  62.01545 19025 94.912
  66.04545 689 3.436
  67.05469 678 3.382
  67.51129 2338 11.662
  68.01502 1685 8.407
  69.07025 394 1.964
  70.07785 2055 10.253
  73.00757 4953 24.711
  73.04746 1311 6.542
  74.01518 35472 176.97
  75.0218 8578 42.797
  76.02997 800 3.99
  78.91718 1857 9.264
  79.05421 762 3.803
  79.92516 5525 27.564
  80.91574 2043 10.191
  81.07007 592 2.951
  81.92329 5605 27.962
  82.07728 214 1.066
  83.08553 966 4.819
  84.09376 522 2.606
  85.00768 657 3.28
  86.01501 1759 8.775
  89.0385 321 1.602
  90.01056 920 4.591
  91.05419 549 2.74
  92.06132 1566 7.812
  93.06737 1054 5.257
  94.07703 656 3.273
  96.0032 264 1.316
  97.10098 979 4.885
  98.01418 325 1.623
  98.10906 236 1.176
  99.11695 256 1.277
  99.14389 371 1.849
  106.96876 1268 6.325
  107.47266 1206 6.018
  107.97172 2066 10.305
  108.09157 208 1.039
  108.47319 2026 10.108
  109.00665 291 1.452
  109.1012 687 3.427
  110.01456 1472 7.344
  111.02184 714 3.561
  111.11674 229 1.142
  112.12327 371 1.852
  113.13292 272 1.355
  115.92514 995 4.966
  116.92931 1287 6.421
  117.06931 237 1.183
  117.92269 705 3.519
  118.93002 559 2.791
  120.09177 258 1.285
  121.10084 247 1.234
  123.11579 489 2.441
  124.12292 408 2.035
  127.92567 1186 5.916
  129.92267 1154 5.755
  130.07538 259 1.291
  131.08565 363 1.813
  133.01112 395 1.971
  133.10124 402 2.006
  134.01566 1872 9.337
  135.02251 2846 14.2
  135.11674 307 1.532
  136.03049 7487 37.352
  136.1226 343 1.712
  139.14879 220 1.1
  139.92574 2674 13.342
  140.93288 23181 115.648
  140.96544 596 2.974
  141.07079 499 2.492
  141.93147 1378 6.874
  142.93094 22820 113.846
  142.96379 826 4.119
  143.93764 547 2.728
  146.42882 757 3.777
  146.93414 1286 6.415
  147.43022 995 4.964
  147.93192 3263 16.278
  148.93156 591 2.948
  150.13866 258 1.29
  151.92628 4261 21.256
  152.93332 14993 74.8
  153.92989 2999 14.963
  154.93129 13498 67.339
  155.93823 805 4.016
  160.93083 2331 11.63
  161.93022 4837 24.131
  162.43195 372 1.854
  162.93164 335 1.672
  164.02544 1316 6.564
  167.08516 346 1.727
  169.935 1001 4.993
  172.83987 645 3.219
  186.39197 2780 13.869
  186.88911 1268 6.328
  187.3909 6228 31.07
  187.88997 1100 5.487
  188.38944 5490 27.39
  188.89401 1020 5.09
  189.38956 2816 14.051
  191.00145 292 1.456
  194.84326 1455 7.257
  196.84125 2538 12.662
  198.84059 1052 5.249
  200.89056 935 4.665
  201.38921 1395 6.957
  201.89094 231 1.153
  202.39082 1269 6.331
  202.89073 1002 4.999
  203.88918 720 3.591
  207.03192 500 2.493
  208.03337 364 1.818
  213.94002 797 3.974
  214.94853 11548 57.614
  215.95277 1575 7.856
  216.94708 12033 60.033
  217.95343 834 4.16
  219.85182 3219 16.06
  220.84914 1839 9.174
  221.84984 5736 28.615
  222.8549 246 1.229
  223.84821 2297 11.457
  227.34299 995 4.962
  231.85039 6945 34.649
  231.88502 466 2.326
  232.84752 769 3.837
  233.84898 13622 67.961
  233.89235 479 2.389
  234.85333 1022 5.097
  235.84726 8927 44.535
  236.84982 550 2.744
  239.84857 7217 36.004
  240.34724 1313 6.553
  240.84663 28814 143.752
  241.34885 3485 17.386
  241.8463 44973 224.367
  241.93727 1395 6.96
  242.34702 4357 21.735
  242.84496 28751 143.439
  242.94397 2000 9.976
  243.34586 2744 13.688
  243.84432 7191 35.878
  243.94786 371 1.851
  245.95094 2427 12.108
  247.84401 3006 14.995
  249.84425 6289 31.377
  250.84973 407 2.03
  251.84314 2913 14.532
  280.80017 1169 5.833
  281.30899 859 4.284
  282.30353 923 4.605
  292.85797 1241 6.192
  293.86352 2094 10.444
  294.86575 1457 7.267
  295.86478 3472 17.32
  296.86948 6263 31.246
  297.86517 2065 10.303
  298.7681 4403 21.965
  300.76697 15491 77.282
  302.76605 14604 72.857
  304.76337 4339 21.647
  310.77017 1004 5.006
  312.76849 2392 11.934
  314.76514 3302 16.471
  316.76291 1111 5.542
  321.86218 9759 48.688
  322.86414 1409 7.03
  323.86276 15516 77.407
  323.92368 428 2.133
  324.86667 1735 8.657
  326.76242 1042 5.197
  328.76248 1707 8.515
  329.76617 813 4.058
  330.76034 1839 9.174
  331.76657 274 1.366
  372.78543 4449 22.198
  373.78574 766 3.823
  374.78336 14454 72.112
  375.78406 1766 8.811
  376.7807 14607 72.875
  377.78632 1863 9.293
  378.77942 4147 20.691
  379.7807 458 2.285
  400.77918 2972 14.829
  401.78613 1014 5.061
  402.78052 7488 37.359
  403.84805 1860 9.281
  404.7818 7445 37.143
  406.78274 2096 10.459
  454.69415 747 3.725
  479.69907 27108 135.24
  480.69885 3210 16.014
  481.69794 127949 638.331
  482.69958 13096 65.334
  483.69626 200243 999
  484.69861 19531 97.438
  485.69455 122526 611.276
  486.6976 11948 59.609
  487.69174 25484 127.138
  488.69681 2026 10.107
  559.61176 1061 5.295
  561.61853 2362 11.783
  562.61499 780 3.89
  563.61786 3746 18.687
  565.61774 608 3.031
  566.62152 2371 11.826
  567.6142 385 1.918
  568.61841 1065 5.314
  637.53149 3590 17.912
  639.53168 22141 110.461
  640.53528 2029 10.121
  641.53046 58047 289.592
  642.53113 6412 31.987
  643.5282 76303 380.672
  644.53162 7754 38.682
  645.52618 52105 259.952
  646.52753 6243 31.144
  647.52325 19471 97.14
  648.52783 1986 9.906
  649.5221 3189 15.909
//
