ACCESSION: MSBNK-NILU-
RECORD_TITLE: PBDE-207; GC-EI-TOF; MS; Positive
DATE: 2025.04.02
AUTHORS: MILK, NILU
LICENSE: CC BY
COPYRIGHT: MILK, NILU
CH$NAME: PBDE-207
CH$NAME: 
CH$COMPOUND_CLASS: Non-Natural Product; Brominated Flame Retardant
CH$FORMULA: C12HBr9O
CH$EXACT_MASS: 871.2677 
CH$SMILES: BrC1=CC(Br)=C(OC2=C(Br)C(Br)=C(Br)C(Br)=C2Br)C(Br)=C1Br
CH$IUPAC: InChI=1S/C12HBr9O/c13-2-1-3(14)11(8(19)4(2)15)22-12-9(20)6(17)5(16)7(18)10(12)21/h1H
AC$INSTRUMENT: Agilent 7200 QTOF
AC$INSTRUMENT_TYPE: GC-EI-TOF
AC$MASS_SPECTROMETRY: MS_TYPE MS
AC$MASS_SPECTROMETRY: ION_MODE POSITIVE
AC$CHROMATOGRAPHY: INJECTION_TEMPERATURE 280 C
AC$CHROMATOGRAPHY: KOVATS_RTI 3685.432
MS$FOCUSED_ION: BASE_PEAK 719.4245
PK$SPLASH: splash10-01b9-1147101920-dc07a67b7ff10ec39417
PK$NUM_PEAK: 343
PK$PEAK: m/z int. rel.int.
29.00296 275 2.126
29.03911 1489 11.496
37.00876 1244 9.608
38.0155 534 4.125
39.02398 289 2.228
39.96267 444 3.432
42.04684 302 2.334
43.01833 436 3.369
43.98998 1392 10.753
45.03372 343 2.646
47.96687 273 2.109
52.03129 426 3.288
53.03893 667 5.15
55.01894 269 2.078
55.0549 147 1.132
58.04239 232 1.79
59.99976 3222 24.886
61.0077 6109 47.181
65.03851 1192 9.206
67.00728 1882 14.531
67.05417 330 2.551
68.06098 557 4.301
70.07783 12482 96.392
71.99947 3504 27.059
73.00737 6051 46.728
74.01405 4885 37.725
76.03004 232 1.789
78.04577 254 1.963
79.92548 12387 95.661
80.06065 501 3.87
80.91549 231 1.783
81.07011 545 4.211
81.9229 12187 94.114
82.07678 516 3.987
85.00663 1272 9.823
85.10091 2820 21.774
85.13214 564 4.355
86.10488 417 3.218
89.00237 212 1.64
89.03908 634 4.894
92.06153 1838 14.194
96.00342 1491 11.516
97.00769 416 3.209
100.12041 209 1.612
104.06132 373 2.883
105.06978 569 4.398
105.96227 2015 15.558
106.96162 2645 20.424
107.08447 942 7.272
107.46378 1330 10.269
107.99898 1152 8.896
109.10073 591 4.565
111.11644 1662 12.834
114.91846 1129 8.717
116.91573 857 6.617
117.06923 236 1.821
118.0778 240 1.853
119.08583 759 5.863
123.11641 302 2.33
129.07028 288 2.221
130.91075 301 2.328
131.99911 2379 18.371
132.91223 688 5.311
133.00813 3469 26.793
134.01379 3241 25.033
135.11778 625 4.831
136.12354 140 1.079
138.91748 7838 60.531
139.92522 10022 77.4
140.91643 663 5.122
141.06839 148 1.14
141.1631 327 2.525
141.92342 5794 44.743
142.07863 173 1.335
145.42158 1600 12.353
145.92198 1382 10.673
146.4196 1775 13.705
147.9225 924 7.138
150.1369 299 2.306
150.91765 5602 43.262
151.1478 365 2.818
151.92454 12813 98.954
152.06223 230 1.776
152.91893 3207 24.766
153.92357 12275 94.793
154.07596 147 1.137
162.97156 204 1.576
163.148 221 1.704
165.16257 424 3.271
166.91017 673 5.196
167.08359 282 2.175
167.9183 325 2.506
169.10005 325 2.506
177.16324 203 1.566
184.87967 656 5.07
185.38229 1132 8.741
185.87929 1779 13.737
186.8788 1465 11.316
189.16321 424 3.272
191.00131 379 2.924
191.17969 245 1.893
194.84122 670 5.171
195.8349 898 6.939
199.87659 325 2.511
200.88019 1446 11.163
207.03247 1498 11.565
207.07365 952 7.353
207.11342 823 6.354
207.83215 528 4.077
208.03201 435 3.357
211.92436 3000 23.166
213.92436 2010 15.524
214.93013 3492 26.965
217.8354 4119 31.81
218.84372 6615 51.083
219.83414 11178 86.322
220.84111 16771 129.516
221.83398 4181 32.288
222.83968 6503 50.22
223.83963 500 3.861
224.33929 803 6.202
225.33771 3881 29.971
225.84222 986 7.613
226.33778 4979 38.45
226.83861 301 2.321
227.33694 3663 28.289
227.83949 1719 13.274
228.33992 184 1.418
229.83511 8207 63.378
229.87553 523 4.043
230.84361 3571 27.574
231.83391 17619 136.063
232.84203 8305 64.139
233.8331 7837 60.523
234.83899 3643 28.133
235.84442 962 7.427
239.83749 1932 14.919
240.83894 2847 21.985
241.84032 2419 18.68
247.83037 272 2.098
248.98723 182 1.405
253.01721 399 3.083
264.79562 2122 16.388
265.79642 5169 39.916
266.2991 1536 11.859
266.79358 4264 32.932
266.9971 244 1.887
267.29602 1394 10.767
267.79428 1665 12.86
268.29694 305 2.356
274.75183 942 7.275
276.74835 1582 12.214
277.79669 1298 10.024
278.79349 3099 23.931
279.2962 551 4.259
279.79309 8125 62.749
280.29626 584 4.513
280.79388 4547 35.119
281.2962 496 3.828
282.05121 241 1.865
282.29501 1468 11.336
290.84314 3563 27.514
291.84543 352 2.717
292.84076 7669 59.226
293.84555 821 6.344
294.84286 2483 19.172
295.84872 1475 11.39
296.75296 3820 29.5
297.76111 219 1.691
298.75192 12427 95.969
299.75891 4193 32.383
300.75088 12902 99.639
301.75635 3210 24.792
302.7518 2849 21.998
303.75653 712 5.5
304.25525 2821 21.788
305.25528 6952 53.685
305.7572 258 1.994
306.25415 7794 60.19
306.75143 637 4.921
307.25174 5929 45.789
307.75201 1027 7.929
308.25131 3123 24.122
308.75369 2490 19.23
309.76117 1664 12.849
310.75192 7329 56.6
311.76016 7192 55.542
312.75024 6594 50.926
313.75769 5719 44.165
314.75128 1671 12.901
315.75601 1961 15.145
318.25278 1128 8.715
318.75836 5270 40.701
319.25494 1689 13.04
319.75699 1275 9.846
320.25452 3128 24.16
320.75519 16749 129.351
321.25302 1623 12.533
321.75491 2056 15.877
322.25507 921 7.112
322.75168 1158 8.946
325.75656 975 7.528
327.03607 364 2.811
327.75409 2328 17.976
328.75195 168 1.295
329.75241 2891 22.325
331.75214 381 2.939
341.01657 149 1.148
356.71179 1314 10.149
357.7113 10219 78.917
358.21207 772 5.959
358.71106 33973 262.364
359.21252 2948 22.764
359.71085 56176 433.829
359.77566 2714 20.956
360.21121 5695 43.984
360.71011 54485 420.768
361.20889 5057 39.052
361.70816 30524 235.73
361.76114 256 1.974
362.20886 3463 26.746
362.70792 9785 75.565
363.20724 860 6.641
363.70447 817 6.31
370.7663 2026 15.645
371.75848 1746 13.487
372.76682 5911 45.649
373.76092 1381 10.663
375.76248 1655 12.781
376.67993 1634 12.621
376.76526 2058 15.894
377.66852 2112 16.311
378.67764 8385 64.753
379.67004 2269 17.526
380.67456 11097 85.7
381.6712 1821 14.06
382.67273 7076 54.647
384.67038 1302 10.052
387.67453 708 5.469
389.6695 4698 36.285
390.67664 949 7.325
391.66699 4988 38.523
392.67252 787 6.074
393.66867 3215 24.827
394.67029 145 1.121
395.66873 301 2.322
397.75647 689 5.323
399.75543 1716 13.254
400.7601 1759 13.587
401.75629 3736 28.849
402.76208 1681 12.981
405.66418 1783 13.768
406.66876 1156 8.928
407.6651 3455 26.682
408.66934 2018 15.587
409.66452 1466 11.325
410.66547 1409 10.884
448.68115 2782 21.486
450.67792 7806 60.284
451.68411 1215 9.383
452.67767 15930 123.026
453.68314 1353 10.445
454.58832 691 5.333
454.67432 9182 70.908
455.6814 1086 8.389
456.58752 2240 17.301
456.67542 1942 14.995
458.58575 6370 49.192
460.58325 6191 47.815
462.58197 2194 16.941
478.67606 1315 10.155
479.68228 3775 29.151
480.67419 2344 18.099
482.67908 3230 24.946
529.59729 1464 11.304
531.59467 3446 26.615
532.60199 515 3.979
533.59528 3208 24.772
534.59851 157 1.212
535.59613 844 6.516
536.59759 301 2.326
555.59558 903 6.976
557.59283 3986 30.786
558.59863 331 2.559
559.59326 4197 32.415
561.59503 22744 175.648
562.59729 4665 36.026
608.51465 3102 23.956
610.51013 6841 52.827
611.51636 649 5.014
612.50854 9714 75.021
613.51148 719 5.556
614.5061 6694 51.693
616.50391 3029 23.389
635.51685 2216 17.115
636.51331 1199 9.259
637.51581 12487 96.435
638.51007 3217 24.846
639.51465 2481 19.161
640.5108 3625 27.995
642.5094 2331 18.004
643.50964 31336 241.996
644.51166 1027 7.93
645.50971 11518 88.948
646.51184 1826 14.1
647.50677 2007 15.498
713.42841 2957 22.835
715.42731 23402 180.725
716.4306 1416 10.938
717.42615 71321 550.788
718.43018 6736 52.02
719.4245 129359 999
720.42712 13004 100.427
721.42169 125665 970.476
722.4259 12431 95.998
723.41974 66383 512.657
723.51239 2685 20.739
724.42206 6485 50.085
725.41894 16904 130.542
726.41968 1527 11.795
727.41797 1337 10.323
797.34992 333 2.574
798.34912 201 1.551
799.34967 820 6.334
800.34546 869 6.708
801.34876 1569 12.116
802.35071 434 3.35
803.34381 389 3.008
805.34454 466 3.601
873.26386 2058 15.895
875.2616 8060 62.246
876.2605 684 5.285
877.25983 20321 156.932
878.26343 2367 18.279
879.25751 33874 261.599
880.25946 3931 30.358
881.25391 32873 253.87
882.25702 3580 27.651
883.25134 20816 160.753
884.25305 2396 18.502
885.25244 8474 65.445
886.25024 1041 8.042
887.25104 2167 16.733
//

