ACCESSION: MSBNK-NILU-NL0462
RECORD_TITLE: PBDE-154; GC-EI-TOF; MS; Positive
DATE: 2025.04.02
AUTHORS: MILK, NILU
LICENSE: CC BY
COPYRIGHT: MILK, NILU
CH$NAME: PBDE-154
CH$NAME: 2,2',4,4',5,6'-Hexabromodiphenyl ether
CH$COMPOUND_CLASS: Non-Natural Product; Brominated Flame Retardant
CH$FORMULA: C12H4Br6O
CH$EXACT_MASS: 637.53622 
CH$SMILES: BrC1C=C(Br)C(OC2C=C(Br)C(Br)=CC=2Br)=C(Br)C=1
CH$IUPAC: InChI=1S/C12H4Br6O/c13-5-1-9(17)12(10(18)2-5)19-11-4-7(15)6(14)3-8(11)16/h1-4H
AC$INSTRUMENT: Agilent 7200 QTOF
AC$INSTRUMENT_TYPE: GC-EI-TOF
AC$MASS_SPECTROMETRY: MS_TYPE MS
AC$MASS_SPECTROMETRY: ION_MODE POSITIVE
AC$CHROMATOGRAPHY: INJECTION_TEMPERATURE 280 C
AC$CHROMATOGRAPHY: KOVATS_RTI 2783.882
MS$FOCUSED_ION: BASE_PEAK 483.6967
PK$SPLASH: splash10-001i-2231903000-797364173bebd0ef7a16
PK$NUM_PEAK: 249
PK$PEAK: m/z int. rel.int.
28.00619 1446 5.485
29.03914 445 1.688
37.00806 1912 7.25
38.01609 1151 4.364
43.99015 632 2.399
49.00864 749 2.841
50.01584 1882 7.139
53.00268 1782 6.757
53.03979 389 1.477
54.04663 288 1.092
55.01781 880 3.336
55.0551 539 2.044
56.06268 1486 5.637
57.07061 2284 8.661
58.07373 1282 4.86
60.02196 679 2.576
61.00759 11096 42.077
62.01529 32368 122.746
63.02275 6387 24.222
64.02918 298 1.13
65.03888 498 1.888
67.0062 1911 7.248
67.05453 839 3.183
67.51067 3138 11.9
68.01505 3160 11.983
69.07014 362 1.374
70.07782 758 2.874
71.08572 920 3.491
73.00758 10402 39.445
73.04633 1002 3.801
74.0153 66507 252.206
75.02141 9153 34.711
76.02851 988 3.747
78.91726 2811 10.659
79.05365 313 1.186
79.9256 5601 21.242
80.91563 2515 9.538
81.07027 467 1.769
81.92349 5016 19.023
82.07778 443 1.68
83.08572 1347 5.107
85.00674 1503 5.699
85.10139 587 2.224
86.01482 2996 11.361
86.1048 366 1.387
87.02278 1697 6.434
90.01042 1558 5.907
91.05428 2094 7.94
92.06167 656 2.487
95.08476 587 2.226
96.00442 370 1.403
97.10144 697 2.641
98.01344 1341 5.086
98.1086 327 1.24
105.06973 740 2.806
106.96826 2485 9.423
107.47396 2956 11.211
107.97268 2363 8.96
108.09321 264 1.001
108.47265 2550 9.669
109.00713 1240 4.701
110.01457 3457 13.111
111.0229 1462 5.544
111.11662 539 2.044
112.1235 349 1.323
115.92443 2186 8.288
116.93124 1703 6.457
117.92397 2014 7.639
118.93198 1539 5.835
123.11607 621 2.353
127.92498 2133 8.087
129.92311 1942 7.363
133.00995 630 2.388
134.01535 2305 8.74
135.02293 5173 19.618
135.11537 409 1.549
136.03073 8036 30.475
137.0387 5694 21.593
138.04443 1097 4.158
139.92502 2597 9.849
140.93321 34915 132.404
141.06839 298 1.129
141.93347 3161 11.987
142.93127 33259 126.122
142.96426 1076 4.081
143.93604 2620 9.937
146.93056 2600 9.859
147.43039 2654 10.064
147.93205 5041 19.117
148.43498 2931 11.116
148.93297 2507 9.505
149.13207 278 1.053
149.43405 1449 5.496
151.926 6143 23.294
152.93326 23625 89.589
153.92781 6560 24.877
154.93115 23379 88.657
155.93655 3202 12.143
159.1169 332 1.261
160.93132 3130 11.868
161.92993 6272 23.784
162.43413 1167 4.424
162.92996 3606 13.675
164.02483 1696 6.43
164.93492 802 3.043
172.84228 1571 5.957
186.39067 2943 11.161
186.89143 1184 4.489
187.39088 9271 35.158
187.89085 1771 6.715
188.38965 8454 32.059
188.88989 1198 4.543
189.38847 2754 10.445
194.84366 2388 9.056
196.84091 4283 16.242
198.84094 2275 8.629
200.88983 2653 10.06
201.38805 2365 8.969
201.89034 6632 25.148
202.38924 3040 11.529
202.89134 7080 26.847
203.38817 1490 5.651
203.88925 2263 8.583
214.94876 14717 55.81
214.99684 475 1.801
215.95331 2780 10.544
216.94803 14128 53.575
217.95247 2550 9.668
219.85239 3780 14.336
220.84999 2072 7.856
221.84944 8090 30.677
222.85489 2926 11.096
223.8481 3829 14.519
224.85149 1384 5.25
227.3446 1032 3.915
230.84424 1208 4.58
231.85136 11346 43.025
232.8474 2711 10.28
233.84918 23298 88.352
233.89548 695 2.637
234.8508 2979 11.296
235.84685 10792 40.924
236.8511 1294 4.906
239.84831 8116 30.776
240.35043 1356 5.141
240.84715 35164 133.347
240.89859 1999 7.581
241.34872 4353 16.506
241.84619 52550 199.279
242.34683 6758 25.629
242.84546 33611 127.46
242.9417 2129 8.075
243.34627 4686 17.772
243.84348 8359 31.698
243.94778 2379 9.02
244.94432 1700 6.446
245.95236 2170 8.231
247.84561 3209 12.169
249.84479 6104 23.146
250.84859 1007 3.818
251.84207 3165 12.003
280.80255 1172 4.446
281.30585 1258 4.77
281.80298 1052 3.99
282.30145 1225 4.646
292.86032 2044 7.753
293.86569 2925 11.092
294.86429 4583 17.378
295.86514 6182 23.445
296.87048 5915 22.432
297.86301 3296 12.499
298.76871 6654 25.232
298.87094 2624 9.949
300.76758 19357 73.404
301.76962 1129 4.28
302.76471 19308 73.22
303.76889 1177 4.463
304.76199 6250 23.701
310.76797 1452 5.508
312.76779 4143 15.712
314.76504 3800 14.409
316.76486 1252 4.748
321.86179 11895 45.11
321.92142 502 1.905
322.86667 2837 10.758
323.86099 24127 91.495
324.86572 5786 21.942
325.86453 14271 54.116
326.8656 3064 11.621
327.87405 3328 12.622
328.76129 1740 6.599
329.76996 1687 6.396
330.76175 1837 6.965
331.76498 1648 6.248
372.78519 6628 25.136
373.78354 1069 4.055
374.78345 20394 77.336
375.78345 2907 11.022
376.78079 19752 74.904
377.78439 2594 9.836
378.78055 6082 23.062
400.77939 4419 16.758
401.78601 12505 47.422
402.7793 14025 53.186
403.78589 37119 140.761
404.77902 15511 58.818
405.78445 34917 132.409
406.78049 7291 27.647
406.84094 312 1.185
407.78241 11136 42.228
408.78247 1411 5.35
452.69766 796 3.017
454.69766 1252 4.749
456.69089 898 3.405
479.69958 36733 139.299
480.70261 5005 18.979
481.69818 170480 646.488
482.69955 19349 73.375
482.76212 848 3.216
483.69675 263438 999
484.69971 28660 108.682
485.69428 163325 619.355
486.69635 17812 67.547
486.76718 311 1.179
487.69235 35485 134.563
488.69644 4306 16.329
559.61334 3742 14.192
561.61719 10855 41.166
562.61816 1955 7.415
563.61768 17943 68.044
564.61731 2719 10.31
565.61798 15724 59.627
566.61762 2301 8.725
567.61615 7035 26.679
568.61377 950 3.601
569.6087 1388 5.263
637.53546 4044 15.335
639.5321 25202 95.57
640.53137 3279 12.433
641.53015 66579 252.477
641.60956 757 2.871
642.53296 7908 29.989
643.5282 87582 332.126
644.5321 10258 38.899
645.52667 60704 230.199
646.52869 7011 26.587
647.52283 22187 84.135
648.52588 2827 10.721
649.52179 3833 14.535
//

