ACCESSION: MSBNK-NILU-NL0457
RECORD_TITLE: PBDE-100; GC-EI-TOF; MS; Positive
DATE: 2025.04.02
AUTHORS: MILK, NILU
LICENSE: CC BY
COPYRIGHT: MILK, NILU
CH$NAME: PBDE-100
CH$NAME: 2,2',4,4',6-Pentabromodiphenyl ether
CH$COMPOUND_CLASS: Non-Natural Product; Brominated Flame Retardant
CH$FORMULA: C12H5Br5O
CH$EXACT_MASS: 559.62571
CH$SMILES: BrC1C=C(Br)C=C(Br)C=1OC1C=CC(Br)=CC=1Br
CH$IUPAC: InChI=1S/C12H5Br5O/c13-6-1-2-11(8(15)3-6)18-12-9(16)4-7(14)5-10(12)17/h1-5H
AC$INSTRUMENT: Agilent 7200 QTOF
AC$INSTRUMENT_TYPE: GC-EI-TOF
AC$MASS_SPECTROMETRY: MS_TYPE MS
AC$MASS_SPECTROMETRY: ION_MODE POSITIVE
AC$CHROMATOGRAPHY: INJECTION_TEMPERATURE 280 C
AC$CHROMATOGRAPHY: KOVATS_RTI 2474.846
MS$FOCUSED_ION: BASE_PEAK 403.786
PK$SPLASH: splash10-11or-3342970000-08d25e7b00acc5bfb2e5
PK$NUM_PEAK: 189
PK$PEAK: m/z int. rel.int.
29.03893 127 2.792
31.98966 902 19.82
37.00748 686 15.07
38.01621 365 8.028
41.03939 251 5.514
42.04636 156 3.434
43.05501 1695 37.242
43.98991 226 4.964
44.00964 308 6.764
45.02405 359 7.896
50.01545 1275 28.008
55.01842 355 7.792
56.06245 487 10.705
57.07038 3916 86.034
60.02077 306 6.714
61.00778 2195 48.223
62.01522 6683 146.834
63.02329 8855 194.571
64.02928 540 11.869
66.04501 434 9.542
67.05427 149 3.284
68.01469 1434 31.515
68.06133 151 3.317
68.51838 1069 23.496
69.06973 251 5.506
70.07759 546 12.005
72.08859 113 2.488
73.00698 1447 31.791
73.04698 320 7.027
74.01466 11861 260.618
75.0231 9448 207.601
76.02927 896 19.681
77.03838 158 3.48
78.0461 361 7.926
78.91721 701 15.41
79.05393 283 6.21
79.92497 1089 23.931
80.06118 110 2.418
80.91536 529 11.618
81.92345 1247 27.409
82.07708 429 9.417
83.08508 174 3.815
84.09296 710 15.598
86.01518 1055 23.178
87.02199 1286 28.266
89.03838 593 13.033
92.06126 990 21.745
93.06612 120 2.628
96.00382 136 2.978
96.09148 162 3.562
97.10041 347 7.625
104.06148 302 6.632
105.03222 50 1.102
105.06901 66 1.45
107.97766 1560 34.271
108.09311 49 1.069
108.47662 1069 23.479
108.97706 1502 32.999
109.1011 149 3.281
110.01386 1101 24.188
110.10889 132 2.907
111.02232 882 19.382
112.12276 95 2.091
113.13292 123 2.708
115.92448 682 14.983
116.93256 1365 29.989
117.06831 85 1.87
118.93179 1280 28.119
120.09184 202 4.443
122.10608 104 2.285
123.11631 86 1.896
125.13223 90 1.975
126.13715 211 4.64
127.92483 674 14.813
129.0681 188 4.125
131.08347 123 2.712
133.1014 128 2.819
135.11652 132 2.901
136.03014 1404 30.852
137.03859 11278 247.797
137.06999 505 11.098
137.1299 186 4.082
138.04533 3039 66.77
139.05312 1126 24.735
140.93301 4920 108.109
141.93948 1549 34.038
142.07576 158 3.469
142.9304 4620 101.513
143.93768 1621 35.616
147.43527 1597 35.083
148.43517 3084 67.758
149.4348 1477 32.45
150.13823 101 2.213
152.06192 85 1.86
152.93236 3309 72.698
153.06914 61 1.339
153.93971 3001 65.946
154.93121 3547 77.929
155.93787 2946 64.734
161.93851 1455 31.979
162.93564 2075 45.583
163.93593 984 21.631
168.05434 576 12.654
168.09183 82 1.793
169.93532 1265 27.801
171.93301 1355 29.767
196.84022 870 19.119
200.8916 2499 54.917
201.89214 7366 161.846
202.3927 1021 22.423
202.88971 7285 160.064
203.39143 1203 26.437
203.89037 2620 57.558
207.0314 344 7.56
209.02946 229 5.024
214.94853 1489 32.72
215.95586 2296 50.439
216.95938 2458 54.009
217.95453 2390 52.512
218.96355 2017 44.31
219.84863 838 18.411
220.85908 2065 45.372
221.84877 1539 33.819
222.85556 3967 87.174
223.84706 1003 22.049
224.85379 1873 41.16
231.85176 862 18.936
233.84801 1600 35.145
234.8555 1323 29.078
235.84872 879 19.322
243.9492 1770 38.894
244.95404 894 19.648
245.96388 2891 63.524
246.96149 943 20.719
247.96454 2349 51.622
248.85384 770 16.926
249.84471 1359 29.862
250.85001 1323 29.069
251.8427 824 18.112
294.87344 4551 99.995
295.87137 927 20.357
296.87241 9193 201.984
297.87515 1370 30.106
298.77069 1156 25.393
298.87082 4481 98.453
300.76657 3193 70.167
302.76321 3437 75.519
304.76303 1093 24.026
322.86893 1420 31.208
323.87579 7351 161.525
324.87012 3458 75.972
325.87402 14136 310.592
325.92764 603 13.24
326.87079 3055 67.116
327.87366 6783 149.026
327.92426 293 6.428
328.76129 1624 35.676
328.87418 893 19.611
330.75861 1758 38.632
332.75375 686 15.082
374.78238 848 18.638
376.78165 946 20.787
401.78742 14337 315.022
402.79083 1902 41.79
403.78601 45467 999
404.78711 5770 126.785
405.78384 44851 985.481
406.78671 5154 113.233
407.78229 13484 296.276
408.78497 1817 39.929
481.70306 2874 63.157
483.70911 7532 165.484
484.71378 1257 27.616
485.707 10058 220.998
486.71133 1412 31.018
487.70608 5983 131.451
488.71136 870 19.118
489.70853 1426 31.335
559.62488 3680 80.85
561.62256 18599 408.664
562.62341 2270 49.887
563.62042 38819 852.927
564.62366 4639 101.938
565.61774 38490 845.699
566.61877 4520 99.309
567.61658 17997 395.426
567.72412 289 6.348
568.61951 2127 46.736
569.61273 3311 72.751
//

