ACCESSION: MSBNK-NILU-
RECORD_TITLE: PBDE-197; GC-EI-TOF; MS; Positive
DATE: 2025.04.02
AUTHORS: MILK, NILU
LICENSE: CC BY
COPYRIGHT: MILK, NILU
CH$NAME: PBDE-197
CH$NAME: 
CH$COMPOUND_CLASS: Non-Natural Product; Brominated Flame Retardant
CH$FORMULA: C12H2Br8O
CH$EXACT_MASS: 793.35724
CH$SMILES: BrC1C=C(Br)C(Br)=C(Br)C=1OC1C(Br)=C(Br)C(Br)=CC=1Br
CH$IUPAC: InChI=1S/C12H2Br8O/c13-3-1-5(15)11(9(19)7(3)17)21-12-6(16)2-4(14)8(18)10(12)20/h1-2H
AC$INSTRUMENT: Agilent 7200 QTOF
AC$INSTRUMENT_TYPE: GC-EI-TOF
AC$MASS_SPECTROMETRY: MS_TYPE MS
AC$MASS_SPECTROMETRY: ION_MODE POSITIVE
AC$CHROMATOGRAPHY: INJECTION_TEMPERATURE 280 C
AC$CHROMATOGRAPHY: KOVATS_RTI 3326.832
MS$FOCUSED_ION: BASE_PEAK 641.5125
PK$SPLASH: splash10-000f-3357249220-4761f46a047d88c1ff7b
PK$NUM_PEAK: 285
PK$PEAK: m/z int. rel.int.
29.00293 350 5.693
29.03901 556 9.048
31.9898 1521 24.752
37.0081 995 16.196
38.01595 205 3.339
39.96255 191 3.11
40.03119 307 4.99
41.03939 1038 16.89
42.04678 395 6.422
43.01844 236 3.838
43.05502 4177 67.97
45.0334 157 2.551
50.01607 81 1.32
51.02342 562 9.153
53.03978 276 4.494
54.04674 510 8.299
55.0182 183 2.98
55.05478 2513 40.894
56.06247 222 3.613
57.0704 1909 31.07
58.07381 571 9.289
60.02111 1193 19.414
61.00761 10074 163.944
62.01506 2838 46.19
63.02328 526 8.56
67.00749 3006 48.919
67.05463 1149 18.694
67.51002 1050 17.086
68.06171 112 1.822
69.06966 514 8.369
70.07793 701 11.405
71.08555 850 13.838
73.00758 8080 131.485
73.04609 608 9.887
74.01514 5594 91.034
75.02388 813 13.226
78.04636 111 1.81
78.91646 2306 37.525
79.05469 315 5.127
79.92547 5136 83.586
80.91436 2203 35.854
81.07017 837 13.628
81.92323 4789 77.942
82.07671 306 4.976
83.08547 557 9.07
84.09271 526 8.567
85.10123 881 14.332
85.12826 150 2.444
86.01289 512 8.326
89.03899 94 1.528
90.04562 102 1.667
91.05406 1906 31.014
92.09052 217 3.53
93.06838 320 5.205
95.08579 500 8.132
96.00383 383 6.226
96.09222 438 7.125
97.10058 1059 17.232
98.10937 454 7.391
99.11645 489 7.962
105.03243 98 1.6
105.0694 385 6.264
106.07668 139 2.268
106.46601 1428 23.238
106.96636 1083 17.626
107.46528 1420 23.109
108.09221 197 3.213
109.00818 1032 16.795
109.10108 259 4.218
110.10693 181 2.95
111.11584 405 6.588
112.12416 255 4.147
113.13096 154 2.514
117.07032 152 2.479
119.08534 396 6.445
121.10039 209 3.404
123.11744 425 6.912
125.13192 105 1.709
128.06076 245 3.992
128.15468 158 2.564
131.99873 1046 17.014
133.00957 1565 25.461
133.09979 215 3.496
134.01434 4138 67.345
134.10838 85 1.386
135.02162 2726 44.355
135.11681 238 3.872
137.133 305 4.956
139.14703 102 1.668
139.92493 8250 134.261
140.93127 3418 55.626
141.0697 193 3.136
141.16334 83 1.357
141.92342 8357 135.998
142.07576 132 2.154
142.93024 3087 50.243
143.08481 138 2.247
145.10242 153 2.493
146.92381 1465 23.839
147.42848 1326 21.574
147.92189 1176 19.144
151.14859 192 3.13
151.92471 14002 227.859
151.95564 661 10.757
152.06249 93 1.52
152.15721 110 1.787
152.93184 2715 44.187
153.06796 195 3.168
153.92317 13489 219.522
154.93048 2782 45.279
155.08475 145 2.355
159.11591 98 1.587
163.14894 232 3.773
165.07004 188 3.057
167.08527 87 1.417
168.09192 104 1.695
179.17978 136 2.219
186.3826 2806 45.659
186.88626 1342 21.834
187.38263 2893 47.083
188.38286 1210 19.698
191.00075 175 2.856
196.8417 1538 25.025
201.88556 1222 19.878
207.03261 613 9.978
212.93288 4695 76.407
213.93748 1210 19.698
214.93207 4537 73.837
216.94595 992 16.14
218.84311 8286 134.851
220.84119 14843 241.544
220.88368 266 4.323
221.84491 1610 26.203
222.83952 7139 116.178
225.84212 1704 27.723
226.34503 1502 24.443
226.84276 2685 43.688
227.34374 1922 31.282
227.83971 1727 28.1
228.34193 1241 20.189
230.8437 3921 63.805
231.84563 1484 24.156
232.8401 7346 119.55
233.84761 2323 37.809
234.84067 3865 62.891
239.83989 2146 34.923
240.84112 3952 64.319
241.84009 3394 55.234
242.84277 1680 27.334
253.01746 143 2.327
265.30106 2377 38.675
266.2995 4431 72.114
267.29837 4276 69.591
268.29977 1991 32.405
279.80234 3206 52.17
280.30078 1140 18.554
280.80197 7164 116.585
281.05078 70 1.141
281.30191 1592 25.913
281.79953 6951 113.115
282.05066 143 2.331
282.29865 1248 20.318
282.79806 3244 52.793
291.85065 913 14.85
292.85764 1915 31.164
293.8493 1837 29.902
294.85751 3678 59.857
295.84976 1348 21.945
296.85776 1816 29.548
299.75793 3205 52.15
300.76593 1941 31.585
301.75586 3236 52.654
302.76331 1821 29.634
303.7547 1291 21.007
309.76056 2244 36.524
311.75961 6383 103.878
313.75723 6158 100.211
315.75662 2110 34.33
317.76053 1292 21.025
318.7565 7097 115.492
319.75623 17621 286.764
319.80322 822 13.38
319.83771 1205 19.612
320.25949 2359 38.389
320.75561 23622 384.416
320.84445 880 14.314
321.2565 3199 52.052
321.7554 17006 276.742
321.80102 850 13.832
321.84439 1949 31.719
322.25647 2362 38.431
322.75247 6630 107.892
323.75088 1174 19.104
323.85855 1203 19.572
325.75745 1214 19.764
327.75446 3243 52.777
329.7511 3407 55.44
331.75244 1255 20.422
370.77026 2731 44.446
372.76712 7974 129.763
373.77304 1698 27.638
374.76639 8439 137.333
375.76974 1585 25.796
376.68127 1834 29.846
376.76651 3245 52.801
378.67676 7248 117.947
380.6748 10285 167.372
380.73135 203 3.311
382.67313 6778 110.303
384.67078 1556 25.328
393.68271 822 13.374
400.76318 1838 29.909
401.77335 2770 45.075
402.76276 2105 34.264
403.77649 3370 54.846
404.7695 1210 19.699
405.77652 2058 33.499
406.6727 1398 22.759
408.67203 1909 31.06
410.66776 1243 20.235
451.6875 1174 19.108
452.69052 2052 33.392
453.68613 1857 30.219
454.69104 2898 47.155
455.68604 1312 21.355
456.68735 2031 33.044
477.68234 1174 19.105
479.68481 5164 84.033
480.68494 1477 24.029
481.68722 10200 165.983
482.68896 2585 42.069
483.68903 10580 172.168
484.68649 2110 34.338
485.69098 5797 94.345
486.6943 984 16.016
487.69049 1241 20.188
530.60394 3034 49.366
532.60333 5691 92.621
533.60449 834 13.564
534.60077 5266 85.703
536.59576 2757 44.871
557.6098 2203 35.857
558.59815 1379 22.444
559.60791 10808 175.891
560.60474 3477 56.576
561.60596 21720 353.467
562.6037 4790 77.953
563.60339 21600 351.511
564.60254 3782 61.553
565.6029 10387 169.027
566.60437 1595 25.955
567.60284 2345 38.162
635.51691 2840 46.217
637.51514 17241 280.575
638.52252 2256 36.705
639.51508 44476 723.783
640.51898 5273 85.814
641.51251 61388 999
642.51483 7148 116.331
643.51172 44190 719.128
644.51569 5149 83.791
645.51056 16807 273.511
646.51233 2242 36.484
647.50977 3167 51.544
717.44067 1477 24.033
719.44134 4248 69.127
720.4411 1057 17.195
721.43713 7123 115.914
722.43384 1446 23.53
723.43689 7105 115.619
724.43176 1142 18.585
725.43481 4206 68.447
727.42621 1278 20.797
795.35187 2156 35.087
797.34998 7428 120.886
798.35681 1093 17.794
799.34692 14744 239.936
800.35309 1772 28.835
801.34638 18658 303.629
802.35052 2380 38.73
803.34381 14195 231
804.3454 1810 29.46
805.34082 6858 111.598
806.34979 1000 16.273
807.33636 1826 29.711
//

