ACCESSION: MSBNK-NILU-NL0456
RECORD_TITLE: Dechlorane Plus Syn; GC-EI-TOF; MS; Positive
DATE: 2025.04.02
AUTHORS: MILK, NILU
LICENSE: CC BY
COPYRIGHT: MILK, NILU
CH$NAME: Dechlorane Plus Syn
CH$NAME: Escapeflam DK-15
CH$COMPOUND_CLASS: Non-Natural Product; Flame Retardant
CH$FORMULA: C18H12Cl12
CH$EXACT_MASS: 671.72014
CH$SMILES: ClC1(Cl)C2(Cl)C3CCC4C(CCC3C1(Cl)C(Cl)=C2Cl)C1(Cl)C(Cl)=C(Cl)C4(Cl)C1(Cl)Cl
CH$IUPAC: InChI=1S/C18H12Cl12/c19-9-10(20)15(25)7-3-4-8-6(2-1-5(7)13(9,23)17(15,27)28)14(24)11(21)12(22)16(8,26)18(14,29)30/h5-8H,1-4H2
AC$INSTRUMENT: Agilent 7200 QTOF
AC$INSTRUMENT_TYPE: GC-EI-TOF
AC$MASS_SPECTROMETRY: MS_TYPE MS
AC$MASS_SPECTROMETRY: ION_MODE POSITIVE
AC$CHROMATOGRAPHY: INJECTION_TEMPERATURE 280 C
AC$CHROMATOGRAPHY: KOVATS_RTI 3248.753
MS$FOCUSED_ION: BASE_PEAK 271.8094
PK$SPLASH: splash10-00dr-2190000000-b311788846db79b0a107
PK$NUM_PEAK: 233
PK$PEAK: m/z int. rel.int.
27.02367 146 2.921
29.03908 894 17.875
35.97695 1886 37.694
37.97377 973 19.449
39.02373 2282 45.614
39.9622 331 6.612
41.03931 6886 137.659
42.04541 662 13.227
43.05496 351 7.012
43.98976 868 17.354
44.99516 74 1.477
45.03453 157 3.134
50.01598 78 1.556
51.02322 924 18.481
53.0391 2283 45.643
54.04667 3003 60.037
55.05461 7172 143.369
56.06243 925 18.492
57.07037 4435 88.666
60.02153 148 2.949
63.02374 1132 22.621
65.0386 2982 59.604
66.04619 1787 35.73
67.05433 15183 303.531
68.06084 628 12.547
69.06978 2104 42.06
71.08559 1240 24.795
71.11356 126 2.519
73.04667 348 6.952
74.99945 2891 57.788
75.02513 905 18.095
76.03104 124 2.484
77.03844 3855 77.059
78.04617 949 18.969
79.05424 14590 291.668
79.08236 842 16.823
80.06128 4932 98.597
81.06963 4195 83.865
82.07718 296 5.916
82.94506 1140 22.796
83.08588 169 3.374
84.09323 155 3.093
85.10104 198 3.953
86.10377 104 2.071
89.03799 1158 23.143
91.05421 4506 90.074
92.06121 336 6.72
93.06977 3274 65.441
94.07616 576 11.52
95.08498 2228 44.533
96.00429 333 6.661
96.09283 460 9.194
97.10096 319 6.379
98.10866 67 1.34
99.11686 303 6.059
100.1191 349 6.979
103.05302 439 8.784
104.06116 112 2.233
105.06978 2295 45.888
106.0761 779 15.571
107.08501 5217 104.291
108.09376 943 18.861
109.10142 718 14.346
113.01376 1368 27.346
113.1319 118 2.363
115.05405 1487 29.734
116.05962 330 6.605
116.90598 1184 23.667
117.06953 410 8.202
118.90327 1131 22.612
119.08546 365 7.298
122.10754 124 2.486
123.11618 70 1.399
124.12441 224 4.484
125.13239 123 2.466
126.04536 533 10.662
126.13985 198 3.953
127.05248 1307 26.133
128.06143 793 15.852
129.06787 657 13.142
133.01303 254 5.077
133.10057 272 5.434
134.10725 79 1.586
135.1161 142 2.837
136.00548 1344 26.86
137.13187 74 1.469
139.05154 966 19.321
139.14745 59 1.172
140.90558 1437 28.724
141.07005 1853 37.042
141.16475 157 3.133
142.07727 354 7.082
142.90332 1413 28.244
143.06253 2572 51.423
145.0999 250 4.99
149.01531 2315 46.288
152.06137 673 13.45
153.06834 413 8.265
155.08528 68 1.357
156.09241 80 1.609
156.95941 1067 21.327
158.976 1550 30.995
162.02429 1463 29.242
165.0705 1536 30.697
165.16431 67 1.333
166.07623 625 12.489
167.08551 604 12.077
169.96745 2712 54.219
170.97586 1243 24.85
171.96774 1936 38.71
179.93092 922 18.441
181.92452 910 18.19
182.97466 2984 59.644
183.98154 887 17.729
184.97488 1943 38.846
192.93416 2468 49.344
194.93463 2358 47.145
195.98489 1879 37.571
196.98852 1110 22.195
197.98305 1113 22.246
200.88237 2585 51.685
201.89061 2334 46.657
202.879 3191 63.795
203.88617 3083 61.638
203.92862 1699 33.973
204.87721 1772 35.431
204.93837 2374 47.451
205.88261 1552 31.017
205.92688 1669 33.36
206.93648 2386 47.695
207.03246 448 8.955
207.93796 991 19.81
209.02882 105 2.098
213.88927 2522 50.41
215.88738 3510 70.161
216.89401 1469 29.367
216.93483 1596 31.91
217.88541 1741 34.805
217.94025 985 19.689
218.94487 1906 38.102
220.95021 1449 28.963
226.89768 15141 302.679
226.94012 784 15.669
227.90034 1984 39.666
228.8956 19684 393.5
229.89864 2306 46.094
229.94167 1276 25.506
230.89246 9581 191.531
230.95039 1691 33.797
231.89755 1158 23.157
231.94745 1111 22.214
232.88951 1995 39.883
232.94821 1155 23.096
234.84279 8129 162.507
235.00652 1354 27.063
235.85036 18418 368.189
236.01462 1218 24.346
236.84112 13151 262.892
236.89002 306 6.112
237.01048 1196 23.905
237.84798 29590 591.532
237.89008 1606 32.097
238.00964 992 19.821
238.83836 8962 179.165
238.89189 1377 27.53
239.84549 18996 379.748
239.89177 2232 44.612
240.84085 3123 62.439
240.90979 2420 48.384
241.84245 5804 116.024
241.90224 1453 29.053
242.91036 2715 54.268
244.90709 1291 25.804
248.85785 1348 26.95
250.85466 1829 36.563
252.85494 1288 25.757
252.91208 4838 96.711
254.91081 6174 123.431
256.90903 2890 57.777
260.86145 1588 31.746
260.99185 917 18.328
261.86566 2169 43.37
262.86035 2684 53.665
263.8641 3285 65.674
264.85919 2228 44.542
264.91547 965 19.292
265.86056 2309 46.163
266.92169 1312 26.22
268.92957 1407 28.123
269.81256 24497 489.713
270.81564 1299 25.972
270.9827 2196 43.893
271.80936 49973 999
271.9823 282 5.642
272.8132 2555 51.068
272.98496 2138 42.744
273.80585 38435 768.343
273.86133 1947 38.913
274.80911 2000 39.985
274.99121 923 18.454
275.80365 16287 325.599
275.85843 1264 25.274
276.80637 914 18.27
276.87317 1378 27.546
277.80112 3794 75.852
281.05203 268 5.354
282.04996 75 1.497
290.88483 914 18.275
294.96057 20295 405.718
295.00235 394 7.871
295.9635 2718 54.344
296.95755 25865 517.062
297.00925 1099 21.964
297.96103 3396 67.894
298.95471 12376 247.418
299.95734 1452 29.032
300.95254 2510 50.182
306.96024 2920 58.382
308.95566 3322 66.407
310.95639 1670 33.388
342.93329 3212 64.219
344.93417 5049 100.94
346.93039 3223 64.423
348.93146 1052 21.038
494.82114 976 19.513
496.81393 1154 23.063
530.79932 1383 27.651
532.79333 1622 32.435
534.79077 1409 28.171
566.7721 1776 35.502
568.77051 2630 52.586
570.76624 2260 45.175
572.76642 1218 24.343
//

