ACCESSION: MSBNK-MassBank-NPS0827
RECORD_TITLE: Buprenorphine; LC-ESI-QTOF; MS2; CE 60 eV; R=15000; [M+H]+
DATE: 2026.06.16
AUTHORS: Serafini D. (La Sapienza University of Rome), Oberacher H.(Medical University of Innsbruck, Institute of Legal Medicine and Core Facility Metabolomics)
LICENSE: CC BY
CH$NAME: Buprenorphine
CH$NAME: (1S,2S,6R,14R,15R,16R)-5-(cyclopropylmethyl)-16-[(2S)-2-hydroxy-3,3-dimethylbutan-2-yl]-15-methoxy-13-oxa-5-azahexacyclo[13.2.2.12,8.01,6.02,14.012,20]icosa-8(20),9,11-trien-11-ol
CH$NAME: Temgesic
CH$NAME: Buprenophine
CH$COMPOUND_CLASS: Non-Natural Product; Benzenoids; Phenanthrenes and derivatives
CH$FORMULA: C29H41NO4
CH$EXACT_MASS: 467.30356
CH$SMILES: C[C@]([C@H]1C[C@@]23CC[C@@]1([C@H]4[C@@]25CCN([C@@H]3CC6=C5C(=C(C=C6)O)O4)CC7CC7)OC)(C(C)(C)C)O
CH$IUPAC: InChI=1S/C29H41NO4/c1-25(2,3)26(4,32)20-15-27-10-11-29(20,33-5)24-28(27)12-13-30(16-17-6-7-17)21(27)14-18-8-9-19(31)23(34-24)22(18)28/h8-9,17,20-21,24,31-32H,6-7,10-16H2,1-5H3/t20-,21-,24-,26+,27-,28+,29-/m1/s1
CH$LINK: CAS 52485-79-7
CH$LINK: ChemOnt CHEMONTID:0000025; Organic compounds; Benzenoids; Phenanthrenes and derivatives
CH$LINK: INCHIKEY RMRJXGBAOAMLHD-IHFGGWKQSA-N
CH$LINK: PUBCHEM CID:644073
AC$INSTRUMENT: TripleTof 5600+, AB Sciex
AC$INSTRUMENT_TYPE: LC-ESI-QTOF
AC$MASS_SPECTROMETRY: MS_TYPE MS2
AC$MASS_SPECTROMETRY: ION_MODE POSITIVE
AC$MASS_SPECTROMETRY: COLLISION_ENERGY 60 eV
AC$MASS_SPECTROMETRY: FRAGMENTATION_MODE CID
AC$MASS_SPECTROMETRY: IONIZATION ESI
AC$MASS_SPECTROMETRY: RESOLUTION 15000
AC$CHROMATOGRAPHY: COLUMN_NAME Kinetex 2.6 um Biphenyl 100 A, 100 x 2.1 mm, Phenomenex
AC$CHROMATOGRAPHY: FLOW_GRADIENT 98/2 at 0 min, 2/98 at 15 min, 2/98 at 16 min, 98/2 at 16.1 min, 98/2 at 20 min
AC$CHROMATOGRAPHY: FLOW_RATE 200 uL/min
AC$CHROMATOGRAPHY: RETENTION_TIME 6.792 min
AC$CHROMATOGRAPHY: SOLVENT A water with 0.5% acetic acid
AC$CHROMATOGRAPHY: SOLVENT B acetonitrile
MS$FOCUSED_ION: BASE_PEAK 468.3108
MS$FOCUSED_ION: PRECURSOR_M/Z 468.3108
MS$FOCUSED_ION: PRECURSOR_TYPE [M+H]+
PK$SPLASH: splash10-014i-2793400000-376889734dd3b8c0570b
PK$NUM_PEAK: 264
PK$PEAK: m/z int. rel.int.
  42.0338 31 5
  43.0542 18 3
  44.0495 34 6
  53.0386 70 12
  55.0542 1644 278
  56.0495 133 22
  57.0699 157 27
  69.0699 114 19
  70.0651 33 6
  73.0648 13 2
  77.0386 21 4
  79.0542 44 7
  80.0495 13 2
  81.0699 65 11
  82.0651 34 6
  83.0855 587 99
  84.0808 572 97
  85.1012 52 9
  86.0964 13 2
  87.0441 11 2
  89.0386 12 2
  91.0542 176 30
  93.0699 85 14
  94.0651 19 3
  95.0855 78 13
  96.0808 23 4
  97.0648 96 16
  98.0964 143 24
  99.0804 111 19
  100.1121 51 9
  101.0961 985 166
  102.0464 14 2
  103.0542 51 9
  105.0699 152 26
  106.0651 16 3
  107.0492 37 6
  107.0855 88 15
  108.0808 25 4
  109.0648 107 18
  110.0964 43 7
  111.0804 49 8
  111.1042 47 8
  112.1121 215 36
  115.0542 225 38
  116.0620 26 4
  117.0699 108 18
  118.0651 31 5
  119.0855 100 17
  120.0808 21 4
  121.0733 192 32
  121.0734 192 32
  123.0679 227 38
  125.0961 40 7
  127.0542 77 13
  128.0621 137 23
  129.0699 127 21
  130.0651 22 4
  131.0730 144 24
  132.0808 34 6
  133.0859 51 9
  138.0913 19 3
  139.0542 31 5
  140.1070 52 9
  141.0699 267 45
  142.0777 18 3
  143.0491 81 14
  144.0570 100 17
  145.0648 141 24
  146.0600 43 7
  147.0526 165 28
  150.0886 22 4
  151.0542 36 6
  151.1117 78 13
  152.0621 171 29
  153.0699 209 35
  154.0777 44 7
  155.0855 81 14
  157.0648 206 35
  158.0726 30 5
  159.0652 204 34
  159.0678 204 34
  161.0683 263 44
  164.0706 75 13
  165.0699 427 72
  166.0777 86 15
  167.0855 164 28
  168.0570 26 4
  169.0648 176 30
  171.0526 88 15
  172.0757 34 6
  173.0597 387 65
  175.0754 187 32
  176.0706 120 20
  177.0784 87 15
  178.0777 162 27
  179.0855 212 36
  181.0648 296 50
  182.0726 92 16
  183.0804 179 30
  184.0519 622 105
  185.0597 267 45
  186.0761 53 9
  187.0753 1083 183
  188.0706 120 20
  190.0862 166 28
  191.0855 216 36
  192.0808 38 6
  193.0648 288 49
  194.0726 92 16
  195.0890 378 64
  196.0883 59 10
  197.0597 257 43
  198.0675 121 20
  199.0754 381 64
  200.0706 80 14
  202.0862 309 52
  203.0855 159 27
  204.0934 80 14
  205.0733 78 13
  205.1461 37 6
  207.0890 296 50
  208.0883 62 10
  209.0961 200 34
  210.0675 167 28
  211.0754 849 143
  212.0832 184 31
  213.0910 230 39
  214.0862 115 19
  215.0941 86 15
  216.1019 149 25
  217.1012 154 26
  218.0938 50 8
  218.0964 50 8
  219.0804 273 46
  220.0883 60 10
  221.0961 353 60
  222.0675 57 10
  223.0754 611 103
  224.0832 206 35
  225.0910 760 128
  227.0855 202 34
  228.1019 84 14
  229.0886 89 15
  230.1176 82 14
  231.0805 101 17
  232.0968 82 14
  233.0961 131 22
  234.0887 43 7
  235.0753 212 36
  236.0832 177 30
  237.0910 547 92
  238.0862 142 24
  239.1067 520 88
  240.0781 227 38
  241.0859 264 45
  242.0938 191 32
  243.1016 548 93
  244.1247 80 14
  246.1125 35 6
  247.1117 212 36
  248.0832 42 7
  249.0910 202 34
  250.0988 122 21
  251.1067 328 55
  252.0934 124 21
  253.0886 368 62
  254.1090 81 14
  255.1016 256 43
  256.1121 180 30
  257.1172 70 12
  258.1277 36 6
  259.1117 60 10
  261.1148 67 11
  262.0989 65 11
  263.1067 229 39
  264.1145 82 14
  265.1223 319 54
  266.1176 138 23
  267.1016 685 116
  268.1094 208 35
  269.1172 163 28
  271.1329 63 11
  272.1196 17 3
  273.1274 79 13
  275.1278 27 5
  277.1223 121 20
  278.1301 57 10
  279.1380 141 24
  280.1332 91 15
  281.1325 154 26
  282.1403 72 12
  283.1329 109 18
  284.1281 86 15
  285.1360 33 6
  286.1438 34 6
  288.1958 19 3
  291.1380 144 24
  293.1536 64 11
  294.1489 54 9
  295.1329 134 23
  296.1407 104 18
  297.1485 141 24
  298.1438 143 24
  300.1594 12 2
  303.1743 20 3
  305.1536 31 5
  306.1489 54 9
  308.1645 102 17
  309.1512 56 9
  310.1438 87 15
  311.1641 81 14
  312.1594 181 31
  314.1751 23 4
  319.1693 43 7
  320.1645 25 4
  321.1849 62 10
  322.1802 36 6
  323.1642 45 8
  324.1594 368 62
  325.1672 25 4
  326.1751 233 39
  328.1544 15 3
  333.1849 30 5
  334.1802 21 4
  335.2006 38 6
  336.1958 80 14
  338.1751 390 66
  339.1829 91 15
  340.1907 201 34
  341.1986 21 4
  342.1700 350 59
  347.2006 18 3
  348.1958 13 2
  349.1825 11 2
  350.2115 20 3
  351.1955 45 8
  352.1907 212 36
  353.2111 53 9
  354.1700 110 19
  356.1857 26 4
  362.2115 30 5
  364.2271 109 18
  365.2138 22 4
  366.2064 87 15
  367.2142 62 10
  368.2220 291 49
  370.2013 379 64
  376.2271 12 2
  378.2064 47 8
  380.2220 55 9
  382.2377 58 10
  394.2377 40 7
  396.2169 2301 388
  397.2248 17 3
  408.2533 53 9
  410.2326 53 9
  411.2404 58 10
  412.2482 34 6
  414.2639 994 168
  418.2741 32 5
  426.2639 90 15
  436.2846 16 3
  450.3003 61 10
  468.3108 5917 999
//
