ACCESSION: MSBNK-MassBank-NPS0825
RECORD_TITLE: Buprenorphine; LC-ESI-QTOF; MS2; CE 50 eV; R=15000; [M+H]+
DATE: 2026.06.16
AUTHORS: Serafini D. (La Sapienza University of Rome), Oberacher H.(Medical University of Innsbruck, Institute of Legal Medicine and Core Facility Metabolomics)
LICENSE: CC BY
CH$NAME: Buprenorphine
CH$NAME: (1S,2S,6R,14R,15R,16R)-5-(cyclopropylmethyl)-16-[(2S)-2-hydroxy-3,3-dimethylbutan-2-yl]-15-methoxy-13-oxa-5-azahexacyclo[13.2.2.12,8.01,6.02,14.012,20]icosa-8(20),9,11-trien-11-ol
CH$NAME: Temgesic
CH$NAME: Buprenophine
CH$COMPOUND_CLASS: Non-Natural Product; Benzenoids; Phenanthrenes and derivatives
CH$FORMULA: C29H41NO4
CH$EXACT_MASS: 467.30356
CH$SMILES: C[C@]([C@H]1C[C@@]23CC[C@@]1([C@H]4[C@@]25CCN([C@@H]3CC6=C5C(=C(C=C6)O)O4)CC7CC7)OC)(C(C)(C)C)O
CH$IUPAC: InChI=1S/C29H41NO4/c1-25(2,3)26(4,32)20-15-27-10-11-29(20,33-5)24-28(27)12-13-30(16-17-6-7-17)21(27)14-18-8-9-19(31)23(34-24)22(18)28/h8-9,17,20-21,24,31-32H,6-7,10-16H2,1-5H3/t20-,21-,24-,26+,27-,28+,29-/m1/s1
CH$LINK: CAS 52485-79-7
CH$LINK: ChemOnt CHEMONTID:0000025; Organic compounds; Benzenoids; Phenanthrenes and derivatives
CH$LINK: INCHIKEY RMRJXGBAOAMLHD-IHFGGWKQSA-N
CH$LINK: PUBCHEM CID:644073
AC$INSTRUMENT: TripleTof 5600+, AB Sciex
AC$INSTRUMENT_TYPE: LC-ESI-QTOF
AC$MASS_SPECTROMETRY: MS_TYPE MS2
AC$MASS_SPECTROMETRY: ION_MODE POSITIVE
AC$MASS_SPECTROMETRY: COLLISION_ENERGY 50 eV
AC$MASS_SPECTROMETRY: FRAGMENTATION_MODE CID
AC$MASS_SPECTROMETRY: IONIZATION ESI
AC$MASS_SPECTROMETRY: RESOLUTION 15000
AC$CHROMATOGRAPHY: COLUMN_NAME Kinetex 2.6 um Biphenyl 100 A, 100 x 2.1 mm, Phenomenex
AC$CHROMATOGRAPHY: FLOW_GRADIENT 98/2 at 0 min, 2/98 at 15 min, 2/98 at 16 min, 98/2 at 16.1 min, 98/2 at 20 min
AC$CHROMATOGRAPHY: FLOW_RATE 200 uL/min
AC$CHROMATOGRAPHY: RETENTION_TIME 6.792 min
AC$CHROMATOGRAPHY: SOLVENT A water with 0.5% acetic acid
AC$CHROMATOGRAPHY: SOLVENT B acetonitrile
MS$FOCUSED_ION: BASE_PEAK 468.3108
MS$FOCUSED_ION: PRECURSOR_M/Z 468.3108
MS$FOCUSED_ION: PRECURSOR_TYPE [M+H]+
PK$SPLASH: splash10-014i-0232900000-673cd9fd665b315b2ae5
PK$NUM_PEAK: 231
PK$PEAK: m/z int. rel.int.
  42.0338 27 1
  44.0495 31 1
  55.0542 1624 45
  69.0699 102 3
  70.0651 29 1
  71.0491 57 2
  79.0542 30 1
  81.0699 67 2
  82.0651 39 1
  83.0855 535 15
  84.0808 771 21
  85.1012 97 3
  86.0964 20 1
  91.0542 112 3
  93.0699 84 2
  95.0855 89 2
  96.0808 23 1
  97.0648 107 3
  98.0964 242 7
  99.0804 138 4
  100.1121 85 2
  101.0961 1540 43
  103.0542 38 1
  105.0699 127 4
  107.0855 98 3
  108.0808 22 1
  109.0648 114 3
  110.0964 57 2
  111.1042 94 3
  112.1121 312 9
  115.0542 135 4
  116.0621 20 1
  117.0699 71 2
  118.0651 24 1
  119.0855 94 3
  121.0733 192 5
  123.0679 239 7
  125.0961 59 2
  127.0542 42 1
  128.0621 72 2
  129.0699 75 2
  131.0729 107 3
  132.0808 24 1
  133.0859 64 2
  139.1117 19 1
  140.1070 57 2
  141.0699 156 4
  143.0492 70 2
  144.0570 59 2
  145.0648 91 3
  146.0600 35 1
  147.0526 136 4
  150.0887 20 1
  151.1117 112 3
  152.0621 87 2
  153.0699 116 3
  154.0777 20 1
  155.1431 72 2
  157.0648 149 4
  158.0726 19 1
  159.0679 158 4
  161.0683 287 8
  164.0706 87 2
  165.0699 236 7
  166.0777 46 1
  167.0855 114 3
  169.0648 118 3
  171.0526 68 2
  172.0757 29 1
  173.0597 432 12
  175.0753 201 6
  176.0706 131 4
  177.0784 46 1
  178.0777 88 2
  179.0855 112 3
  181.0648 228 6
  182.0726 47 1
  183.0804 129 4
  184.0519 513 14
  185.0597 261 7
  186.0761 41 1
  187.0753 1471 41
  188.0706 118 3
  190.0862 188 5
  191.0855 147 4
  192.0808 24 1
  193.0648 288 8
  194.0726 57 2
  195.0890 291 8
  196.0883 43 1
  197.0597 241 7
  198.0675 100 3
  199.0753 425 12
  200.0706 67 2
  202.0862 342 9
  203.0855 128 4
  204.0934 79 2
  205.1461 62 2
  207.0890 240 7
  208.0883 45 1
  209.0961 175 5
  210.0675 118 3
  211.0753 928 26
  212.0832 214 6
  213.0910 281 8
  214.0862 125 3
  216.1019 172 5
  217.1012 153 4
  218.0964 60 2
  219.0804 264 7
  220.0883 51 1
  221.0961 375 10
  222.0675 34 1
  223.0753 638 18
  224.0832 158 4
  225.0910 763 21
  227.0855 177 5
  228.1019 82 2
  229.0886 115 3
  230.1176 126 3
  231.0804 77 2
  233.0961 140 4
  234.0887 38 1
  235.0753 185 5
  236.0832 164 5
  237.0910 649 18
  238.0862 123 3
  239.1067 664 18
  240.0781 273 8
  241.0859 332 9
  242.0964 212 6
  243.1016 998 28
  244.1246 191 5
  247.1117 304 8
  249.0910 208 6
  250.0988 133 4
  251.1067 382 11
  253.0886 365 10
  255.1016 293 8
  257.1172 124 3
  258.1277 35 1
  261.1148 94 3
  263.1067 302 8
  264.1145 87 2
  265.1223 528 15
  266.1175 217 6
  267.1016 741 20
  268.1094 409 11
  269.1172 295 8
  271.1329 127 4
  272.1281 20 1
  275.1278 42 1
  277.1223 156 4
  278.1301 67 2
  279.1380 221 6
  280.1332 151 4
  281.1410 201 6
  283.1329 209 6
  284.1281 102 3
  285.1360 48 1
  286.1438 46 1
  288.1958 31 1
  290.1301 36 1
  291.1380 230 6
  293.1536 115 3
  294.1489 93 3
  295.1329 239 7
  297.1485 293 8
  298.1438 230 6
  303.1743 44 1
  305.1536 53 1
  306.1489 71 2
  307.1567 86 2
  308.1645 168 5
  309.1512 116 3
  310.1438 98 3
  311.1641 192 5
  312.1594 349 10
  314.1751 40 1
  315.1618 27 1
  319.1693 110 3
  320.1645 42 1
  321.1849 151 4
  322.1802 59 2
  323.1642 100 3
  324.1594 563 16
  325.1672 32 1
  326.1751 523 14
  328.1543 34 1
  333.1849 63 2
  334.1802 44 1
  335.2006 83 2
  336.1958 157 4
  337.1825 76 2
  338.1751 721 20
  339.1829 254 7
  340.1907 459 13
  341.1986 55 2
  342.1700 298 8
  347.2006 41 1
  349.1798 23 1
  351.1981 116 3
  352.1907 341 9
  353.2138 143 4
  354.1700 106 3
  356.1857 45 1
  362.2115 62 2
  364.2271 246 7
  365.2111 65 2
  366.2064 187 5
  367.2142 234 6
  368.2220 509 14
  370.2013 767 21
  376.2271 23 1
  378.2064 63 2
  379.2268 27 1
  380.2220 129 4
  381.2299 22 1
  382.2377 161 4
  394.2377 134 4
  396.2169 4199 116
  408.2533 153 4
  410.2326 126 3
  411.2404 216 6
  412.2482 100 3
  414.2639 3671 102
  418.2741 108 3
  426.2639 327 9
  436.2846 63 2
  450.3003 239 7
  468.3108 36118 999
//
