ACCESSION: MSBNK-MassBank-NPS0826
RECORD_TITLE: Buprenorphine; LC-ESI-QTOF; MS2; CE 55 eV; R=15000; [M+H]+
DATE: 2026.06.16
AUTHORS: Serafini D. (La Sapienza University of Rome), Oberacher H.(Medical University of Innsbruck, Institute of Legal Medicine and Core Facility Metabolomics)
LICENSE: CC BY
CH$NAME: Buprenorphine
CH$NAME: (1S,2S,6R,14R,15R,16R)-5-(cyclopropylmethyl)-16-[(2S)-2-hydroxy-3,3-dimethylbutan-2-yl]-15-methoxy-13-oxa-5-azahexacyclo[13.2.2.12,8.01,6.02,14.012,20]icosa-8(20),9,11-trien-11-ol
CH$NAME: Temgesic
CH$NAME: Buprenophine
CH$COMPOUND_CLASS: Non-Natural Product; Benzenoids; Phenanthrenes and derivatives
CH$FORMULA: C29H41NO4
CH$EXACT_MASS: 467.30356
CH$SMILES: C[C@]([C@H]1C[C@@]23CC[C@@]1([C@H]4[C@@]25CCN([C@@H]3CC6=C5C(=C(C=C6)O)O4)CC7CC7)OC)(C(C)(C)C)O
CH$IUPAC: InChI=1S/C29H41NO4/c1-25(2,3)26(4,32)20-15-27-10-11-29(20,33-5)24-28(27)12-13-30(16-17-6-7-17)21(27)14-18-8-9-19(31)23(34-24)22(18)28/h8-9,17,20-21,24,31-32H,6-7,10-16H2,1-5H3/t20-,21-,24-,26+,27-,28+,29-/m1/s1
CH$LINK: CAS 52485-79-7
CH$LINK: ChemOnt CHEMONTID:0000025; Organic compounds; Benzenoids; Phenanthrenes and derivatives
CH$LINK: INCHIKEY RMRJXGBAOAMLHD-IHFGGWKQSA-N
CH$LINK: PUBCHEM CID:644073
AC$INSTRUMENT: TripleTof 5600+, AB Sciex
AC$INSTRUMENT_TYPE: LC-ESI-QTOF
AC$MASS_SPECTROMETRY: MS_TYPE MS2
AC$MASS_SPECTROMETRY: ION_MODE POSITIVE
AC$MASS_SPECTROMETRY: COLLISION_ENERGY 55 eV
AC$MASS_SPECTROMETRY: FRAGMENTATION_MODE CID
AC$MASS_SPECTROMETRY: IONIZATION ESI
AC$MASS_SPECTROMETRY: RESOLUTION 15000
AC$CHROMATOGRAPHY: COLUMN_NAME Kinetex 2.6 um Biphenyl 100 A, 100 x 2.1 mm, Phenomenex
AC$CHROMATOGRAPHY: FLOW_GRADIENT 98/2 at 0 min, 2/98 at 15 min, 2/98 at 16 min, 98/2 at 16.1 min, 98/2 at 20 min
AC$CHROMATOGRAPHY: FLOW_RATE 200 uL/min
AC$CHROMATOGRAPHY: RETENTION_TIME 6.792 min
AC$CHROMATOGRAPHY: SOLVENT A water with 0.5% acetic acid
AC$CHROMATOGRAPHY: SOLVENT B acetonitrile
MS$FOCUSED_ION: BASE_PEAK 468.3108
MS$FOCUSED_ION: PRECURSOR_M/Z 468.3108
MS$FOCUSED_ION: PRECURSOR_TYPE [M+H]+
PK$SPLASH: splash10-014i-1464900000-b166f0ae4c1829efffdd
PK$NUM_PEAK: 256
PK$PEAK: m/z int. rel.int.
  42.0338 41 2
  44.0495 34 2
  55.0542 2039 92
  67.0542 47 2
  69.0699 142 6
  70.0651 43 2
  71.0491 58 3
  73.0648 14 1
  77.0386 15 1
  79.0542 40 2
  80.0495 14 1
  81.0699 87 4
  82.0651 51 2
  83.0855 684 31
  84.0808 873 39
  85.1012 94 4
  86.0964 19 1
  87.0441 16 1
  91.0542 163 7
  93.0699 112 5
  94.0651 20 1
  95.0855 107 5
  96.0808 26 1
  97.0648 119 5
  98.0964 228 10
  99.0804 146 7
  100.1121 74 3
  101.0961 1563 71
  103.0542 46 2
  105.0699 169 8
  106.0651 15 1
  107.0855 115 5
  108.0808 29 1
  109.0648 129 6
  110.0964 58 3
  111.1043 85 4
  112.1121 351 16
  113.0961 13 1
  115.0542 196 9
  116.0621 26 1
  117.0699 98 4
  118.0651 32 1
  119.0855 121 5
  120.0808 20 1
  121.0734 235 11
  123.0679 263 12
  125.0961 53 2
  127.0542 56 3
  128.0621 111 5
  129.0699 115 5
  131.0730 156 7
  132.0808 39 2
  133.0859 70 3
  138.0913 19 1
  139.0542 23 1
  140.1070 62 3
  141.0699 210 9
  142.0777 17 1
  143.0491 99 4
  144.0570 81 4
  145.0648 135 6
  146.0600 47 2
  147.0526 178 8
  150.0887 24 1
  151.1117 112 5
  152.0621 131 6
  153.0699 168 8
  154.0777 42 2
  155.0855 68 3
  157.0648 199 9
  158.0726 28 1
  159.0679 217 10
  161.0683 344 16
  164.0706 101 5
  165.0699 350 16
  166.0777 63 3
  167.0855 155 7
  168.0570 22 1
  169.0648 183 8
  171.0526 102 5
  172.0757 37 2
  173.0597 507 23
  175.0754 234 11
  176.0706 147 7
  177.0784 67 3
  178.0777 127 6
  179.0855 162 7
  181.0648 315 14
  182.0726 78 4
  183.0804 186 8
  184.0519 658 30
  185.0597 348 16
  186.0761 55 2
  187.0753 1583 71
  188.0706 141 6
  190.0862 209 9
  191.0855 187 8
  192.0808 35 2
  193.0648 303 14
  194.0726 86 4
  195.0890 358 16
  196.0883 57 3
  197.0597 315 14
  198.0675 144 7
  199.0753 470 21
  200.0706 85 4
  202.0862 365 16
  203.0855 169 8
  204.0934 103 5
  205.1097 101 5
  207.0890 302 14
  208.0883 67 3
  209.0961 241 11
  210.0675 158 7
  211.0753 1118 50
  212.0832 220 10
  213.0910 307 14
  214.0862 143 6
  215.0941 120 5
  216.1019 187 8
  217.1012 160 7
  218.0964 69 3
  219.0804 282 13
  220.0883 61 3
  221.0961 418 19
  222.0675 48 2
  223.0753 791 36
  224.0832 207 9
  225.0910 944 43
  227.0855 190 9
  228.1019 96 4
  229.0886 120 5
  230.1176 138 6
  231.0804 110 5
  232.0968 86 4
  233.0961 163 7
  234.0887 48 2
  235.0753 226 10
  236.0832 215 10
  237.0910 706 32
  238.0862 162 7
  239.1067 735 33
  240.0781 304 14
  241.0859 375 17
  242.0938 242 11
  243.1016 956 43
  244.1246 160 7
  246.1125 44 2
  247.1117 310 14
  249.0910 240 11
  250.0989 159 7
  251.1067 441 20
  253.0886 422 19
  255.1016 346 16
  256.1121 228 10
  257.1172 117 5
  258.1277 43 2
  261.1148 106 5
  263.1067 341 15
  264.1145 101 5
  265.1223 513 23
  266.1175 227 10
  267.1016 863 39
  268.1094 335 15
  269.1172 287 13
  271.1329 115 5
  272.1281 23 1
  274.2165 16 1
  275.1278 47 2
  277.1223 174 8
  278.1301 76 3
  279.1380 205 9
  280.1332 141 6
  281.1325 203 9
  283.1329 207 9
  284.1281 112 5
  285.1359 45 2
  286.1438 46 2
  288.1958 33 1
  290.1301 39 2
  291.1380 225 10
  293.1536 117 5
  294.1489 95 4
  295.1329 223 10
  296.1407 139 6
  297.1485 232 10
  298.1438 235 11
  300.1594 17 1
  303.1743 31 1
  305.1536 58 3
  306.1489 87 4
  307.1567 74 3
  308.1645 176 8
  309.1512 114 5
  310.1438 112 5
  311.1641 163 7
  312.1594 313 14
  314.1751 40 2
  319.1693 82 4
  320.1645 40 2
  321.1849 113 5
  322.1802 76 3
  323.1669 85 4
  324.1594 567 26
  325.1672 28 1
  326.1751 445 20
  328.1544 34 2
  333.1849 54 2
  334.1802 37 2
  335.2006 84 4
  336.1958 138 6
  338.1751 712 32
  339.1829 188 8
  340.1907 381 17
  341.1985 43 2
  342.1700 378 17
  347.2006 35 2
  348.1958 16 1
  349.1825 18 1
  350.2115 27 1
  351.1981 90 4
  352.1907 332 15
  353.2111 118 5
  354.1700 122 6
  356.1857 34 2
  358.2013 15 1
  362.2115 56 3
  363.2193 13 1
  364.2271 203 9
  365.2138 46 2
  366.2064 192 9
  367.2142 156 7
  368.2220 478 22
  370.2013 701 32
  375.2319 13 1
  376.2271 22 1
  378.2064 70 3
  379.2268 21 1
  380.2220 111 5
  381.2299 15 1
  382.2377 122 6
  389.2475 14 1
  394.2377 101 5
  396.2169 3972 179
  397.2248 18 1
  408.2533 122 6
  410.2326 125 6
  411.2404 139 6
  412.2482 68 3
  414.2639 2559 116
  415.2717 14 1
  418.2741 77 3
  426.2639 208 9
  436.2846 44 2
  450.3003 179 8
  468.3108 22120 999
//
