ACCESSION: MSBNK-BAFG-CSL26052935307
RECORD_TITLE: Cefpodoxime proxetil; LC-ESI-QTOF; MS2; 50 V
DATE: 2026.05.29
AUTHORS: Björn Ehlig; Ole Lessmann; Kevin S. Jewell; Arne Wick
LICENSE: CC BY
COPYRIGHT: Copyright 2026 Federal Institute of Hydrology (Bundesanstalt für Gewässerkunde), Koblenz, Germany
COMMENT: CONFIDENCE Reference Standard (Level 1)
COMMENT: Chromatography method: bfg_nts_rp1
COMMENT: Acquisition method: 10.1002/rcm.8541
CH$NAME: Cefpodoxime proxetil
CH$FORMULA: C21H27N5O9S2
CH$EXACT_MASS: 557.125
CH$SMILES: CC(C)OC(=O)OC(C)OC(=O)C1=C(CS[C@H]2N1C(=O)[C@H]2NC(=O)/C(=N\OC)/C3=CSC(=N3)N)COC
CH$IUPAC: InChI=1S/C21H27N5O9S2/c1-9(2)33-21(30)35-10(3)34-19(29)15-11(6-31-4)7-36-18-14(17(28)26(15)18)24-16(27)13(25-32-5)12-8-37-20(22)23-12/h8-10,14,18H,6-7H2,1-5H3,(H2,22,23)(H,24,27)/b25-13-/t10?,14-,18-/m1/s1
CH$LINK: CAS 87239-81-4
CH$LINK: INCHIKEY LTINZAODLRIQIX-FBXRGJNPSA-N
AC$INSTRUMENT: TripleTOF 6600 SCIEX
AC$INSTRUMENT_TYPE: LC-ESI-QTOF
AC$MASS_SPECTROMETRY: MS_TYPE MS2
AC$MASS_SPECTROMETRY: ION_MODE NEGATIVE
AC$MASS_SPECTROMETRY: COLLISION_ENERGY 50
AC$MASS_SPECTROMETRY: FRAGMENTATION_MODE CID
AC$MASS_SPECTROMETRY: IONIZATION ESI
AC$CHROMATOGRAPHY: COLUMN_NAME Zorbax Eclipse Plus C18 2.1 mm x 150 mm, 3.5 um, Agilent
AC$CHROMATOGRAPHY: COLUMN_TEMPERATURE 40 °C
AC$CHROMATOGRAPHY: FLOW_GRADIENT 0 min min 98% A, 1 min 98% A, 2 min 80% A, 16.5 min 2% A, 22 min 2% A, 22.1 min 98% A, 27 min 98% A
AC$CHROMATOGRAPHY: FLOW_RATE 0.3 mL/min
AC$CHROMATOGRAPHY: RETENTION_TIME 10.209 min
AC$CHROMATOGRAPHY: SOLVENT A: Water 0.1% Formic acid, B: Acetonitrile 0.1% Formic acid
MS$FOCUSED_ION: PRECURSOR_M/Z 556.1177
MS$FOCUSED_ION: PRECURSOR_TYPE [M-H]-
MS$DATA_PROCESSING: COMMENT Export with csl-tools 1.1.0 and CSL_v26.2
PK$SPLASH: splash10-0pk9-1950000000-6aadd85d25e47eed5265
PK$NUM_PEAK: 343
PK$PEAK: m/z int. rel.int.
  41.0138 0.7 12
  41.9985 12.4 225
  43.0189 2.5 45
  50.0035 0.8 14
  57.0338 6.4 116
  57.9755 10.4 189
  59.05 30.8 560
  65.0144 2.7 49
  65.9983 3.0 54
  70.9961 1.0 18
  71.9909 1.1 20
  78.0083 0.7 12
  79.0174 0.6 10
  80.0174 0.7 12
  81.0091 1.5 27
  81.9744 6.3 114
  83.9917 0.8 14
  84.987 0.7 12
  90.0095 1.4 25
  92.0253 4.9 89
  93.0327 1.1 20
  95.0237 0.7 12
  95.9909 8.8 160
  96.986 22.9 416
  97.9953 0.8 14
  98.0094 2.0 36
  99.0029 3.6 65
  99.9857 2.0 36
  103.0395 39.1 711
  104.012 0.6 10
  106.0278 3.1 56
  107.0133 0.6 10
  107.0361 12.6 229
  107.9913 2.1 38
  108.0205 3.7 67
  108.987 2.8 50
  109.0049 0.6 10
  110.0071 5.2 94
  111.0018 1.1 20
  111.986 0.6 10
  112.0396 4.4 80
  116.025 0.6 10
  117.0198 3.1 56
  118.0296 1.8 32
  119.0313 1.5 27
  119.9923 0.9 16
  120.0216 2.8 50
  120.042 0.8 14
  120.9988 0.6 10
  121.9839 0.8 14
  121.995 0.9 16
  122.0093 7.3 132
  122.0628 0.6 10
  122.9898 14.2 258
  123.9979 39.6 720
  124.9828 1.4 25
  125.0054 2.9 52
  125.0354 0.6 10
  125.9896 1.3 23
  126.0099 3.7 67
  126.9875 0.6 10
  128.0185 54.9 999
  130.0307 2.0 36
  131.0361 0.8 14
  132.0218 0.7 12
  132.0449 1.2 21
  133.0161 2.0 36
  133.0405 1.6 29
  134.0242 10.2 185
  135.0037 3.4 61
  135.0318 10.4 189
  135.0564 1.0 18
  135.9976 6.0 109
  136.9866 1.4 25
  137.0099 6.4 116
  137.9765 0.6 10
  138.0017 20.7 376
  138.9981 1.8 32
  139.9935 0.6 10
  141.0031 3.3 60
  142.0102 1.1 20
  142.0394 1.9 34
  143.0379 0.6 10
  144.0316 0.7 12
  145.0389 3.2 58
  147.0039 2.5 45
  147.0321 7.5 136
  147.9984 1.3 23
  148.0388 6.6 120
  148.9947 1.8 32
  149.0164 2.2 40
  149.0473 0.9 16
  149.9822 1.0 18
  150.002 8.5 154
  150.9898 1.2 21
  151.0091 7.8 141
  151.9925 9.4 171
  152.0166 5.3 96
  153.0006 19.6 356
  154.0088 2.7 49
  154.0371 1.2 21
  155.0096 0.8 14
  157.0173 0.6 10
  158.0437 1.1 20
  159.0005 0.6 10
  159.024 4.1 74
  160.0282 0.8 14
  161.0183 0.6 10
  162.005 1.0 18
  162.017 0.6 10
  163.0088 27.6 502
  163.0521 0.7 12
  163.9895 1.2 21
  164.0149 11.0 200
  165.0134 10.5 191
  165.9973 8.5 154
  166.0228 1.2 21
  167.0045 10.0 181
  167.0287 4.9 89
  168.0137 14.4 262
  168.9758 0.8 14
  169.0595 0.9 16
  170.0317 4.0 72
  171.9997 0.6 10
  173.0369 3.0 54
  174.0143 2.7 49
  174.0444 2.0 36
  175.0253 16.6 302
  175.9951 0.8 14
  176.0096 0.8 14
  176.0344 2.2 40
  177.012 2.2 40
  177.9963 3.1 56
  179.0009 4.0 72
  180.0106 16.7 303
  180.0397 1.0 18
  181.0112 2.9 52
  181.047 1.4 25
  181.9758 6.2 112
  182.0022 0.7 12
  182.029 6.9 125
  183.0354 2.0 36
  184.0108 1.1 20
  184.0515 0.6 10
  185.0457 0.7 12
  186.0141 2.4 43
  187.0285 2.4 43
  187.0546 0.6 10
  188.0083 1.1 20
  188.0267 1.5 27
  188.9891 2.2 40
  189.0133 0.6 10
  190.0129 2.4 43
  190.9965 20.1 365
  191.0424 0.9 16
  192.0034 8.6 156
  193.0121 12.6 229
  193.9986 1.0 18
  194.0499 1.5 27
  194.9938 1.3 23
  195.0257 10.4 189
  195.0547 1.1 20
  196.002 1.1 20
  196.0369 2.1 38
  196.0614 1.1 20
  196.0725 0.7 12
  197.0452 1.5 27
  197.0725 0.6 10
  198.0109 0.6 10
  198.0294 0.7 12
  198.0548 0.6 10
  199.009 0.9 16
  199.0303 1.0 18
  199.0611 0.7 12
  200.0194 0.9 16
  201.0265 6.5 118
  201.0781 0.7 12
  202.0091 6.0 109
  202.0343 1.8 32
  202.0568 0.6 10
  202.9876 0.6 10
  203.0125 4.3 78
  203.9985 0.8 14
  204.0256 2.9 52
  205.0122 1.2 21
  205.9853 7.2 131
  206.0243 0.8 14
  206.9971 6.9 125
  207.0109 1.2 21
  208.004 33.0 600
  209.0133 3.0 54
  209.0513 0.7 12
  209.9661 1.0 18
  210.0129 1.0 18
  210.0442 1.0 18
  211.0547 0.8 14
  212.0165 0.9 16
  212.061 1.0 18
  213.0232 4.8 87
  213.0725 0.6 10
  214.0034 6.4 116
  214.0315 1.4 25
  215.0145 2.7 49
  215.0413 1.3 23
  216.0235 2.0 36
  217.0165 1.2 21
  217.0709 0.6 10
  217.9889 2.0 36
  218.0102 1.4 25
  218.0325 1.3 23
  218.9884 20.9 380
  219.023 1.2 21
  220.003 2.4 43
  221.0149 1.2 21
  222.0373 0.7 12
  223.0171 4.6 83
  223.049 2.9 52
  224.0293 0.9 16
  224.0581 3.5 63
  225.0284 1.7 30
  225.0455 0.8 14
  225.0655 0.6 10
  226.0185 1.2 21
  226.0738 1.5 27
  226.9996 0.8 14
  227.0291 2.1 38
  228.0144 0.9 16
  228.0352 6.0 109
  229.0201 7.8 141
  229.0448 0.6 10
  230.005 1.5 27
  230.0297 1.7 30
  230.0493 0.6 10
  230.9997 2.0 36
  231.0379 1.6 29
  232.0035 2.2 40
  232.0209 0.9 16
  232.996 7.4 134
  233.051 0.9 16
  233.9811 1.2 21
  234.0124 2.5 45
  234.0335 0.8 14
  234.9891 1.2 21
  235.0192 1.2 21
  238.0179 2.0 36
  238.9927 1.5 27
  239.0276 3.4 61
  240.0372 10.2 185
  241.0209 5.0 90
  242.0127 3.2 58
  242.0487 1.3 23
  243.0015 1.4 25
  243.0238 1.2 21
  243.039 1.0 18
  244.0342 1.4 25
  244.9943 1.4 25
  245.0086 2.2 40
  245.0363 1.3 23
  245.0546 0.9 16
  245.9826 1.0 18
  246.0078 3.6 65
  246.0349 2.2 40
  246.9825 1.3 23
  247.0135 1.4 25
  247.0304 1.0 18
  247.9999 1.5 27
  248.0525 1.2 21
  250.0308 4.8 87
  251.0107 4.3 78
  252.0608 0.6 10
  254.0122 1.5 27
  254.0678 1.1 20
  255.0257 2.9 52
  256.0044 0.8 14
  256.0333 12.1 220
  256.086 1.3 23
  257.0134 3.3 60
  257.0369 2.9 52
  258.0358 4.0 72
  258.9924 0.7 12
  259.0383 1.5 27
  260.0087 2.1 38
  260.993 2.7 49
  261.0538 0.7 12
  261.9955 1.2 21
  262.0126 0.5 9
  263.0126 1.2 21
  264.0046 0.6 10
  264.0216 0.6 10
  266.025 0.6 10
  267.0262 0.6 10
  268.0324 5.5 100
  269.0268 0.6 10
  270.0141 1.2 21
  270.0594 0.7 12
  271.008 0.6 10
  271.0337 1.7 30
  272.0265 4.8 87
  272.0617 1.8 32
  272.9908 3.4 61
  273.0159 1.1 20
  273.0416 3.1 56
  273.984 0.8 14
  274.0035 1.0 18
  274.0312 2.9 52
  275.0204 1.0 18
  275.988 1.1 20
  278.0054 0.8 14
  282.0648 0.7 12
  283.0196 1.7 30
  284.0242 9.4 171
  284.0783 0.7 12
  285.0303 2.8 50
  285.9864 0.9 16
  286.0422 1.7 30
  288.0027 7.3 132
  288.0563 3.9 70
  288.9842 0.8 14
  289.0066 1.3 23
  289.0405 0.8 14
  290.0096 1.9 34
  291.0017 1.1 20
  293.0148 0.6 10
  299.0208 0.6 10
  300.0069 5.1 92
  300.0545 1.2 21
  301.0275 0.8 14
  301.0393 0.6 10
  301.9859 0.9 16
  302.0187 1.2 21
  304.0342 1.3 23
  305.0188 1.3 23
  306.0132 1.6 29
  312.0187 1.0 18
  314.0364 0.7 12
  315.9969 1.2 21
  316.0483 4.4 80
  317.0095 1.4 25
  318.0138 1.3 23
  328.0167 0.7 12
  333.011 0.6 10
  333.9995 0.8 14
  344.0441 1.6 29
//
