ACCESSION: MSBNK-BAFG-CSL26052935308
RECORD_TITLE: Cefpodoxime proxetil; LC-ESI-QTOF; MS2; 60 V
DATE: 2026.05.29
AUTHORS: Björn Ehlig; Ole Lessmann; Kevin S. Jewell; Arne Wick
LICENSE: CC BY
COPYRIGHT: Copyright 2026 Federal Institute of Hydrology (Bundesanstalt für Gewässerkunde), Koblenz, Germany
COMMENT: CONFIDENCE Reference Standard (Level 1)
COMMENT: Chromatography method: bfg_nts_rp1
COMMENT: Acquisition method: 10.1002/rcm.8541
CH$NAME: Cefpodoxime proxetil
CH$FORMULA: C21H27N5O9S2
CH$EXACT_MASS: 557.125
CH$SMILES: CC(C)OC(=O)OC(C)OC(=O)C1=C(CS[C@H]2N1C(=O)[C@H]2NC(=O)/C(=N\OC)/C3=CSC(=N3)N)COC
CH$IUPAC: InChI=1S/C21H27N5O9S2/c1-9(2)33-21(30)35-10(3)34-19(29)15-11(6-31-4)7-36-18-14(17(28)26(15)18)24-16(27)13(25-32-5)12-8-37-20(22)23-12/h8-10,14,18H,6-7H2,1-5H3,(H2,22,23)(H,24,27)/b25-13-/t10?,14-,18-/m1/s1
CH$LINK: CAS 87239-81-4
CH$LINK: INCHIKEY LTINZAODLRIQIX-FBXRGJNPSA-N
AC$INSTRUMENT: TripleTOF 6600 SCIEX
AC$INSTRUMENT_TYPE: LC-ESI-QTOF
AC$MASS_SPECTROMETRY: MS_TYPE MS2
AC$MASS_SPECTROMETRY: ION_MODE NEGATIVE
AC$MASS_SPECTROMETRY: COLLISION_ENERGY 60
AC$MASS_SPECTROMETRY: FRAGMENTATION_MODE CID
AC$MASS_SPECTROMETRY: IONIZATION ESI
AC$CHROMATOGRAPHY: COLUMN_NAME Zorbax Eclipse Plus C18 2.1 mm x 150 mm, 3.5 um, Agilent
AC$CHROMATOGRAPHY: COLUMN_TEMPERATURE 40 °C
AC$CHROMATOGRAPHY: FLOW_GRADIENT 0 min min 98% A, 1 min 98% A, 2 min 80% A, 16.5 min 2% A, 22 min 2% A, 22.1 min 98% A, 27 min 98% A
AC$CHROMATOGRAPHY: FLOW_RATE 0.3 mL/min
AC$CHROMATOGRAPHY: RETENTION_TIME 10.209 min
AC$CHROMATOGRAPHY: SOLVENT A: Water 0.1% Formic acid, B: Acetonitrile 0.1% Formic acid
MS$FOCUSED_ION: PRECURSOR_M/Z 556.1177
MS$FOCUSED_ION: PRECURSOR_TYPE [M-H]-
MS$DATA_PROCESSING: COMMENT Export with csl-tools 1.1.0 and CSL_v26.2
PK$SPLASH: splash10-0kdj-2930000000-70aae243ae61938075cc
PK$NUM_PEAK: 315
PK$PEAK: m/z int. rel.int.
  41.9984 14.8 288
  43.0184 4.7 91
  50.0033 2.2 42
  56.9802 0.7 13
  57.0346 12.0 233
  57.9755 12.6 245
  59.0501 47.8 930
  64.0066 1.2 23
  65.0141 3.8 74
  65.9977 5.0 97
  70.9848 0.6 11
  70.9948 0.5 9
  71.9904 0.9 17
  74.0034 0.6 11
  76.0187 1.0 19
  78.011 0.6 11
  79.0168 1.0 19
  80.013 0.9 17
  81.0093 0.7 13
  81.976 9.7 188
  83.9906 1.2 23
  84.9759 0.6 11
  90.0098 2.1 40
  91.0291 1.0 19
  92.0246 7.2 140
  93.0317 0.8 15
  95.9906 19.7 383
  96.9863 20.9 407
  97.9939 1.1 21
  98.0068 2.9 56
  99.0006 3.2 62
  99.9868 1.7 33
  103.0404 23.4 455
  104.0125 0.8 15
  104.0215 0.6 11
  106.0042 1.0 19
  106.0278 2.7 52
  107.0153 0.6 11
  107.0357 12.0 233
  107.9921 3.5 68
  108.02 2.7 52
  108.9873 2.4 46
  109.0011 1.0 19
  110.0068 7.7 149
  111.0036 1.4 27
  111.9888 1.6 31
  112.0411 1.5 29
  115.0304 0.6 11
  116.0263 1.3 25
  117.0208 5.4 105
  118.0257 1.5 29
  119.0335 3.0 58
  119.9917 1.0 19
  120.0201 4.4 85
  120.0446 1.3 25
  121.0 0.8 15
  121.042 0.7 13
  122.007 9.4 183
  122.0356 0.8 15
  122.9903 14.0 272
  123.0166 0.7 13
  123.9983 30.4 592
  124.9841 2.1 40
  125.006 4.8 93
  125.99 2.7 52
  126.0125 2.6 50
  126.9903 0.7 13
  128.0179 51.3 999
  130.0305 2.4 46
  131.029 2.0 38
  132.0196 0.8 15
  132.0432 1.1 21
  133.017 3.6 70
  133.0425 0.8 15
  134.0013 0.6 11
  134.0242 6.7 130
  135.0032 4.0 77
  135.0321 7.6 148
  135.0574 0.8 15
  136.0002 7.8 151
  137.0021 5.2 101
  137.0168 3.0 58
  137.0402 0.6 11
  138.0023 24.5 477
  138.9965 1.3 25
  139.9952 0.9 17
  141.0015 2.8 54
  142.0107 1.3 25
  142.0415 2.1 40
  145.0173 0.7 13
  145.0404 1.6 31
  146.0126 2.9 56
  147.0041 3.4 66
  147.0303 7.1 138
  147.9988 1.9 37
  148.0395 8.5 165
  148.9945 2.6 50
  149.0179 1.9 37
  149.0479 1.0 19
  150.0041 6.5 126
  150.0258 0.7 13
  151.0096 5.6 109
  151.9939 5.6 109
  152.0175 4.2 81
  153.0016 18.8 366
  154.0061 2.1 40
  154.9874 0.6 11
  156.0501 1.0 19
  157.0164 0.6 11
  159.0038 0.5 9
  159.0273 3.6 70
  160.0144 0.8 15
  161.0097 0.7 13
  161.0429 0.8 15
  162.0042 1.0 19
  162.0163 0.7 13
  163.0084 24.7 481
  163.9957 2.1 40
  164.0152 5.9 114
  165.0127 6.3 122
  165.9808 0.7 13
  165.9981 4.4 85
  166.0187 1.1 21
  167.0038 7.4 144
  167.0288 3.6 70
  168.0141 9.7 188
  168.0394 0.8 15
  168.9776 1.0 19
  169.0272 0.7 13
  169.0527 1.4 27
  170.0301 2.1 40
  170.9976 0.5 9
  171.0089 0.5 9
  172.0496 0.7 13
  173.0078 0.6 11
  173.0297 1.3 25
  174.0141 3.3 64
  174.0411 0.8 15
  175.023 17.1 333
  176.0027 1.6 31
  176.0335 2.3 44
  176.9856 0.6 11
  177.0165 1.1 21
  177.9941 3.3 64
  178.9987 2.9 56
  180.0101 8.8 171
  180.0421 0.6 11
  181.0124 2.5 48
  181.0528 1.2 23
  181.9764 4.3 83
  182.0057 0.6 11
  182.0299 3.1 60
  184.0194 0.5 9
  185.0103 0.8 15
  185.0477 1.0 19
  186.0159 2.4 46
  186.037 0.7 13
  186.9889 0.6 11
  187.0218 2.0 38
  188.0071 2.4 46
  188.0316 1.0 19
  188.9888 1.3 25
  189.004 0.8 15
  189.0219 0.9 17
  190.0084 1.9 37
  190.0229 0.6 11
  190.9945 15.6 303
  191.0296 0.8 15
  191.9999 3.8 74
  193.0084 7.5 146
  193.9892 0.8 15
  194.0073 0.7 13
  194.0476 1.1 21
  195.0231 5.9 114
  195.0526 1.7 33
  196.0374 1.6 31
  196.0646 1.7 33
  197.0078 0.6 11
  197.0482 2.3 44
  198.0137 1.4 27
  198.0502 0.6 11
  199.0097 0.7 13
  199.0274 0.6 11
  200.0248 1.7 33
  200.9966 0.6 11
  201.024 5.3 103
  202.009 5.3 103
  202.0347 1.2 23
  203.0138 5.4 105
  203.0417 0.6 11
  203.9993 0.5 9
  204.0241 2.0 38
  205.0153 1.1 21
  205.9793 4.3 83
  206.0121 0.6 11
  206.0341 1.0 19
  206.9807 0.5 9
  206.9962 3.0 58
  207.0248 0.8 15
  207.9997 12.7 247
  208.0692 0.5 9
  209.0011 0.7 13
  209.0423 0.5 9
  210.0446 1.2 23
  211.0074 1.0 19
  211.0512 0.8 15
  212.0165 1.8 35
  212.0541 1.3 25
  213.0201 4.9 95
  214.0116 3.8 74
  214.0379 0.8 15
  214.0716 0.7 13
  215.0109 2.4 46
  215.0441 1.0 19
  216.0182 2.1 40
  217.0043 0.6 11
  217.023 0.9 17
  217.9915 2.9 56
  218.0426 1.3 25
  218.9895 13.4 260
  219.0339 1.0 19
  219.9942 0.5 9
  220.0108 1.1 21
  222.0403 1.4 27
  223.0127 1.4 27
  223.048 2.3 44
  223.9764 0.5 9
  224.058 4.6 89
  225.0258 0.7 13
  225.047 0.8 15
  226.0176 1.9 37
  226.0717 1.0 19
  227.0093 0.9 17
  227.0296 1.7 33
  228.0121 1.2 23
  228.0342 2.4 46
  229.0172 5.5 107
  229.0502 0.6 11
  229.9948 0.8 15
  230.0043 0.9 17
  230.0277 2.9 56
  231.0091 0.6 11
  231.0364 2.0 38
  231.9947 0.7 13
  232.0117 1.8 35
  232.9963 5.5 107
  233.98 0.7 13
  234.0097 1.3 25
  234.0401 0.6 11
  238.0107 0.6 11
  239.0258 2.4 46
  240.0344 3.7 72
  240.0491 3.8 74
  241.0193 4.3 83
  241.0552 0.8 15
  242.0071 2.9 56
  242.048 0.6 11
  243.0062 0.8 15
  243.0253 0.6 11
  244.0002 0.6 11
  244.0334 1.3 25
  244.9926 1.1 21
  245.0159 0.7 13
  245.0495 1.7 33
  245.9826 1.3 25
  246.0041 0.7 13
  246.0369 1.1 21
  247.0138 0.9 17
  247.0323 1.0 19
  247.9926 1.3 25
  248.0531 0.8 15
  248.985 0.5 9
  250.035 1.8 35
  251.015 1.1 21
  253.0632 0.6 11
  254.0062 0.9 17
  254.0182 0.6 11
  255.0224 2.0 38
  256.0297 7.8 151
  257.0061 1.2 23
  257.021 1.5 29
  257.0379 0.6 11
  258.025 0.8 15
  258.0506 0.6 11
  259.0245 0.6 11
  260.0056 0.7 13
  260.9897 1.9 37
  261.0471 1.2 23
  262.0254 0.7 13
  266.0232 0.9 17
  267.0409 0.6 11
  268.0283 2.0 38
  268.0512 0.8 15
  269.0247 1.7 33
  270.0152 1.1 21
  271.0149 0.7 13
  272.0049 1.1 21
  272.0249 1.6 31
  272.9887 2.6 50
  273.0238 0.7 13
  273.0436 0.7 13
  274.0347 1.2 23
  275.0269 0.7 13
  276.0032 0.9 17
  284.0258 1.8 35
  285.987 0.7 13
  286.042 0.9 17
  288.0047 2.3 44
  288.0553 0.8 15
  288.991 0.6 11
  290.0173 0.6 11
  291.0037 0.6 11
  300.0058 2.2 42
  302.033 0.6 11
  316.0513 1.1 21
//
