ACCESSION: MSBNK-BAFG-CSL26052935306
RECORD_TITLE: Cefpodoxime proxetil; LC-ESI-QTOF; MS2; 40 V
DATE: 2026.05.29
AUTHORS: Björn Ehlig; Ole Lessmann; Kevin S. Jewell; Arne Wick
LICENSE: CC BY
COPYRIGHT: Copyright 2026 Federal Institute of Hydrology (Bundesanstalt für Gewässerkunde), Koblenz, Germany
COMMENT: CONFIDENCE Reference Standard (Level 1)
COMMENT: Chromatography method: bfg_nts_rp1
COMMENT: Acquisition method: 10.1002/rcm.8541
CH$NAME: Cefpodoxime proxetil
CH$FORMULA: C21H27N5O9S2
CH$EXACT_MASS: 557.125
CH$SMILES: CC(C)OC(=O)OC(C)OC(=O)C1=C(CS[C@H]2N1C(=O)[C@H]2NC(=O)/C(=N\OC)/C3=CSC(=N3)N)COC
CH$IUPAC: InChI=1S/C21H27N5O9S2/c1-9(2)33-21(30)35-10(3)34-19(29)15-11(6-31-4)7-36-18-14(17(28)26(15)18)24-16(27)13(25-32-5)12-8-37-20(22)23-12/h8-10,14,18H,6-7H2,1-5H3,(H2,22,23)(H,24,27)/b25-13-/t10?,14-,18-/m1/s1
CH$LINK: CAS 87239-81-4
CH$LINK: INCHIKEY LTINZAODLRIQIX-FBXRGJNPSA-N
AC$INSTRUMENT: TripleTOF 6600 SCIEX
AC$INSTRUMENT_TYPE: LC-ESI-QTOF
AC$MASS_SPECTROMETRY: MS_TYPE MS2
AC$MASS_SPECTROMETRY: ION_MODE NEGATIVE
AC$MASS_SPECTROMETRY: COLLISION_ENERGY 40
AC$MASS_SPECTROMETRY: FRAGMENTATION_MODE CID
AC$MASS_SPECTROMETRY: IONIZATION ESI
AC$CHROMATOGRAPHY: COLUMN_NAME Zorbax Eclipse Plus C18 2.1 mm x 150 mm, 3.5 um, Agilent
AC$CHROMATOGRAPHY: COLUMN_TEMPERATURE 40 °C
AC$CHROMATOGRAPHY: FLOW_GRADIENT 0 min min 98% A, 1 min 98% A, 2 min 80% A, 16.5 min 2% A, 22 min 2% A, 22.1 min 98% A, 27 min 98% A
AC$CHROMATOGRAPHY: FLOW_RATE 0.3 mL/min
AC$CHROMATOGRAPHY: RETENTION_TIME 10.209 min
AC$CHROMATOGRAPHY: SOLVENT A: Water 0.1% Formic acid, B: Acetonitrile 0.1% Formic acid
MS$FOCUSED_ION: PRECURSOR_M/Z 556.1177
MS$FOCUSED_ION: PRECURSOR_TYPE [M-H]-
MS$DATA_PROCESSING: COMMENT Export with csl-tools 1.1.0 and CSL_v26.2
PK$SPLASH: splash10-0pb9-1981000000-77760d0bb697246e843b
PK$NUM_PEAK: 330
PK$PEAK: m/z int. rel.int.
  41.9986 16.2 197
  43.0186 1.7 20
  57.0332 5.1 62
  57.9749 12.2 148
  59.05 28.9 352
  65.0139 1.3 15
  65.9982 1.7 20
  70.9973 0.9 10
  81.0104 1.1 13
  81.9755 7.8 95
  90.0116 1.0 12
  92.0258 4.0 48
  95.9911 4.0 48
  96.9859 21.7 264
  98.0067 1.2 14
  99.0013 4.3 52
  99.9859 2.8 34
  103.0397 82.0 999
  106.0289 2.0 24
  107.0362 9.5 115
  107.9903 0.9 10
  108.0199 5.3 64
  108.9875 2.9 35
  110.0076 3.4 41
  111.0037 1.0 12
  112.041 3.2 38
  117.0218 1.9 23
  118.0298 0.9 10
  119.0379 1.7 20
  120.0218 2.0 24
  122.0084 3.8 46
  122.0616 1.5 18
  122.99 8.2 99
  123.9985 59.9 729
  124.9836 1.7 20
  125.0042 2.2 26
  126.0001 1.5 18
  126.0141 3.8 46
  128.0182 59.8 728
  129.0155 0.9 10
  130.0308 1.0 12
  132.0374 1.0 12
  133.0179 1.4 17
  133.0415 3.2 38
  134.024 13.6 165
  135.0045 1.6 19
  135.0307 12.0 146
  135.9968 3.7 45
  137.0109 5.2 63
  138.0021 16.8 204
  139.0037 1.3 15
  139.9947 1.6 19
  141.0005 2.7 32
  142.0341 2.2 26
  145.0398 4.1 49
  147.002 2.6 31
  147.0312 9.0 109
  147.9956 1.1 13
  148.0393 8.9 108
  148.9941 1.7 20
  149.0171 2.2 26
  149.9777 3.5 42
  150.0027 6.0 73
  150.0294 1.1 13
  151.01 12.3 149
  151.993 14.2 172
  152.0178 4.4 53
  153.0013 21.0 255
  154.0078 2.6 31
  154.0347 2.4 29
  157.017 1.0 12
  159.0259 5.0 60
  162.0091 0.8 9
  163.0086 22.6 275
  163.0529 1.5 18
  163.9982 3.3 40
  164.0169 16.2 197
  164.9905 3.8 46
  165.0168 11.4 138
  165.9963 13.8 168
  166.0176 1.6 19
  167.0052 17.6 214
  167.0308 6.2 75
  168.0138 28.4 345
  169.0205 1.3 15
  169.0502 1.4 17
  170.0296 7.1 86
  173.0342 9.1 110
  174.0133 2.5 30
  174.0436 3.3 40
  175.0059 2.6 31
  175.0267 7.8 95
  176.035 6.0 73
  176.9869 0.8 9
  177.0127 2.1 25
  178.0003 3.8 46
  178.9803 0.9 10
  179.0039 7.1 86
  179.029 1.0 12
  180.0113 24.4 297
  180.0369 6.0 73
  181.0195 2.6 31
  181.0473 1.4 17
  181.9765 7.3 88
  182.0297 23.2 282
  183.0364 5.3 64
  184.0125 1.9 23
  186.015 2.4 29
  187.0258 1.6 19
  188.9881 2.6 31
  189.0124 1.1 13
  190.0115 4.2 51
  190.9986 27.9 339
  191.0465 1.1 13
  192.0061 11.7 142
  192.9867 5.2 63
  193.0099 23.7 288
  193.991 0.8 9
  194.0173 1.0 12
  194.0413 1.9 23
  195.0306 20.4 248
  196.0366 1.3 15
  196.0644 1.7 20
  196.9642 1.0 12
  197.0458 2.9 35
  198.0189 2.7 32
  199.0309 8.4 102
  199.9896 1.0 12
  200.0239 1.1 13
  201.0264 9.2 112
  202.0083 7.4 90
  202.0334 2.6 31
  203.015 4.3 52
  204.0248 3.1 37
  205.0099 2.4 29
  205.9861 10.1 123
  206.0122 1.4 17
  206.9985 22.3 271
  208.0039 74.7 910
  209.0137 9.3 113
  210.0162 0.9 10
  210.0407 0.9 10
  212.0141 0.8 9
  212.0595 1.9 23
  213.0246 5.0 60
  213.0669 1.1 13
  214.0014 26.1 317
  214.0321 1.0 12
  215.0115 1.5 18
  215.0257 0.9 10
  216.0265 2.6 31
  217.0155 1.2 14
  217.9863 1.3 15
  218.0077 1.7 20
  218.0428 2.0 24
  218.9873 30.1 366
  219.0295 1.3 15
  220.001 6.7 81
  220.9872 1.0 12
  221.0166 2.1 25
  222.037 2.2 26
  223.0207 11.6 141
  223.0493 2.7 32
  223.9851 1.0 12
  224.0286 4.7 57
  224.0559 4.8 58
  225.0358 4.5 54
  225.0686 1.5 18
  226.0138 1.2 14
  226.0241 0.8 9
  226.0758 2.9 35
  227.0283 1.5 18
  228.0337 7.5 91
  228.09 0.9 10
  229.0196 11.5 140
  229.0725 1.0 12
  229.9958 2.1 25
  230.0271 4.9 59
  230.0559 1.0 12
  231.0096 1.6 19
  231.0348 2.0 24
  231.9989 2.5 30
  232.0219 0.9 10
  232.9974 6.7 81
  233.0488 1.3 15
  233.0665 0.9 10
  233.9832 1.5 18
  234.0092 4.0 48
  234.0335 1.3 15
  234.9942 7.4 90
  238.0232 1.9 23
  238.9969 1.2 14
  239.0238 27.6 336
  240.0144 1.5 18
  240.039 9.5 115
  241.0171 7.2 87
  242.0077 3.1 37
  242.0256 1.3 15
  242.0529 2.5 30
  243.0119 1.7 20
  243.0339 2.5 30
  244.0228 2.5 30
  244.9925 2.7 32
  245.0152 2.0 24
  245.0468 3.5 42
  245.9778 2.4 29
  246.009 5.9 71
  246.0353 3.5 42
  246.9934 1.2 14
  247.0255 3.7 45
  247.0456 0.9 10
  247.9971 1.4 17
  248.0489 2.1 25
  248.9976 0.9 10
  250.0296 4.3 52
  250.0433 1.2 14
  251.0148 17.6 214
  252.0264 1.1 13
  252.056 1.8 21
  254.0163 2.4 29
  254.0679 1.9 23
  255.0239 3.9 47
  256.0314 29.1 354
  256.0832 1.9 23
  257.0147 7.2 87
  257.0396 6.5 79
  257.9804 1.0 12
  258.0234 4.8 58
  258.0463 4.1 49
  259.0025 1.3 15
  259.0245 0.9 10
  259.0364 1.1 13
  259.0504 0.9 10
  260.0015 3.1 37
  260.0618 1.1 13
  260.9912 9.4 114
  261.0458 5.1 62
  261.9987 1.5 18
  262.0239 1.3 15
  263.0065 1.6 19
  264.0163 1.3 15
  265.01 3.5 42
  266.0157 1.0 12
  267.021 0.8 9
  268.0317 8.8 107
  269.0121 2.2 26
  270.0078 1.2 14
  270.0477 1.9 23
  271.0239 3.3 40
  271.0538 1.5 18
  272.0054 2.6 31
  272.0242 8.4 102
  272.0621 4.5 54
  272.9915 8.5 103
  273.0137 1.8 21
  273.0372 6.8 82
  273.9775 1.4 17
  274.0041 4.3 52
  274.029 4.7 57
  274.9833 1.9 23
  275.0245 4.2 51
  275.9992 2.3 28
  277.0424 0.9 10
  278.0045 1.9 23
  278.0247 2.4 29
  279.0066 1.1 13
  282.0123 1.2 14
  282.0624 1.6 19
  283.0153 2.9 35
  283.0693 1.0 12
  284.0258 18.7 227
  284.0779 1.1 13
  285.0147 1.4 17
  285.0336 5.4 65
  285.9856 1.3 15
  286.0414 5.7 69
  287.0514 1.5 18
  288.0023 17.0 207
  288.0575 16.7 203
  288.9874 1.6 19
  289.0102 3.3 40
  289.0487 2.3 28
  290.012 2.9 35
  290.0515 1.0 12
  290.0739 0.9 10
  290.9989 2.0 24
  293.0164 2.8 34
  299.031 2.4 29
  300.0082 10.9 132
  300.0559 4.4 53
  300.9918 2.4 29
  301.0176 0.9 10
  301.0355 2.5 30
  302.0155 7.5 91
  302.9979 0.9 10
  303.0288 1.1 13
  304.0163 8.6 104
  305.0205 3.4 41
  306.0207 4.6 56
  307.0146 0.9 10
  311.0154 1.9 23
  312.0215 6.4 77
  314.0325 1.5 18
  315.0436 3.0 36
  315.9963 3.0 36
  316.0538 13.2 160
  317.0055 10.4 126
  317.0605 2.1 25
  318.0124 5.1 62
  319.0005 2.0 24
  320.0281 4.3 52
  321.0367 1.2 14
  328.0124 1.4 17
  331.9962 1.0 12
  332.0286 3.0 36
  333.0116 1.5 18
  334.0062 7.9 96
  343.0341 1.0 12
  343.9887 0.9 10
  344.0473 5.4 65
  344.9991 3.5 42
  346.0054 2.8 34
  346.064 1.0 12
  348.017 2.3 28
  349.0299 5.5 67
  362.002 5.0 60
  376.0222 1.9 23
  377.0237 6.7 81
  380.053 4.1 49
  408.048 1.7 20
//
