ACCESSION: MSBNK-BAFG-CSL26052935311
RECORD_TITLE: Cefpodoxime proxetil; LC-ESI-QTOF; MS2; 90 V
DATE: 2026.05.29
AUTHORS: Björn Ehlig; Ole Lessmann; Kevin S. Jewell; Arne Wick
LICENSE: CC BY
COPYRIGHT: Copyright 2026 Federal Institute of Hydrology (Bundesanstalt für Gewässerkunde), Koblenz, Germany
COMMENT: CONFIDENCE Reference Standard (Level 1)
COMMENT: Chromatography method: bfg_nts_rp1
COMMENT: Acquisition method: 10.1002/rcm.8541
CH$NAME: Cefpodoxime proxetil
CH$FORMULA: C21H27N5O9S2
CH$EXACT_MASS: 557.125
CH$SMILES: CC(C)OC(=O)OC(C)OC(=O)C1=C(CS[C@H]2N1C(=O)[C@H]2NC(=O)/C(=N\OC)/C3=CSC(=N3)N)COC
CH$IUPAC: InChI=1S/C21H27N5O9S2/c1-9(2)33-21(30)35-10(3)34-19(29)15-11(6-31-4)7-36-18-14(17(28)26(15)18)24-16(27)13(25-32-5)12-8-37-20(22)23-12/h8-10,14,18H,6-7H2,1-5H3,(H2,22,23)(H,24,27)/b25-13-/t10?,14-,18-/m1/s1
CH$LINK: CAS 87239-81-4
CH$LINK: INCHIKEY LTINZAODLRIQIX-FBXRGJNPSA-N
AC$INSTRUMENT: TripleTOF 6600 SCIEX
AC$INSTRUMENT_TYPE: LC-ESI-QTOF
AC$MASS_SPECTROMETRY: MS_TYPE MS2
AC$MASS_SPECTROMETRY: ION_MODE NEGATIVE
AC$MASS_SPECTROMETRY: COLLISION_ENERGY 90
AC$MASS_SPECTROMETRY: FRAGMENTATION_MODE CID
AC$MASS_SPECTROMETRY: IONIZATION ESI
AC$CHROMATOGRAPHY: COLUMN_NAME Zorbax Eclipse Plus C18 2.1 mm x 150 mm, 3.5 um, Agilent
AC$CHROMATOGRAPHY: COLUMN_TEMPERATURE 40 °C
AC$CHROMATOGRAPHY: FLOW_GRADIENT 0 min min 98% A, 1 min 98% A, 2 min 80% A, 16.5 min 2% A, 22 min 2% A, 22.1 min 98% A, 27 min 98% A
AC$CHROMATOGRAPHY: FLOW_RATE 0.3 mL/min
AC$CHROMATOGRAPHY: RETENTION_TIME 10.209 min
AC$CHROMATOGRAPHY: SOLVENT A: Water 0.1% Formic acid, B: Acetonitrile 0.1% Formic acid
MS$FOCUSED_ION: PRECURSOR_M/Z 556.1177
MS$FOCUSED_ION: PRECURSOR_TYPE [M-H]-
MS$DATA_PROCESSING: COMMENT Export with csl-tools 1.1.0 and CSL_v26.2
PK$SPLASH: splash10-0a4i-9810000000-0c26944dcf92d70574c1
PK$NUM_PEAK: 212
PK$PEAK: m/z int. rel.int.
  32.9801 0.5 12
  41.0031 1.0 25
  41.0148 1.2 30
  41.9985 19.0 480
  43.0186 14.0 354
  50.0037 11.1 280
  56.9806 1.1 27
  57.0344 26.1 660
  57.975 12.6 318
  59.05 39.5 999
  64.0064 1.5 37
  65.014 7.9 199
  65.9987 5.8 146
  67.0291 0.4 10
  68.9801 0.4 10
  70.9823 1.2 30
  70.9962 0.9 22
  71.9903 0.9 22
  74.0022 2.3 58
  76.0197 1.2 30
  78.0091 0.5 12
  79.0182 1.2 30
  80.0136 0.7 17
  80.98 0.5 12
  81.0079 0.5 12
  81.9754 14.2 359
  82.9827 0.4 10
  82.9969 0.7 17
  83.9907 1.8 45
  84.9753 0.6 15
  89.0131 1.0 25
  90.011 3.3 83
  90.0222 0.9 22
  91.0288 2.5 63
  92.0244 5.8 146
  93.009 0.9 22
  93.9756 0.4 10
  94.9827 1.1 27
  95.0255 0.5 12
  95.9909 19.8 500
  96.9866 7.5 189
  97.9948 1.9 48
  98.0066 2.7 68
  98.9916 0.8 20
  99.0035 1.0 25
  99.9866 0.8 20
  101.0093 0.4 10
  103.0342 2.5 63
  104.0129 2.2 55
  105.0242 0.6 15
  105.9748 0.4 10
  106.0054 0.7 17
  106.0286 2.7 68
  107.0126 0.5 12
  107.0359 5.1 128
  107.9926 3.9 98
  108.019 1.4 35
  108.9878 3.9 98
  108.9991 0.9 22
  110.0067 5.3 134
  110.9915 0.8 20
  111.0027 1.3 32
  111.9872 0.9 22
  115.0304 1.8 45
  116.0252 1.3 32
  117.0211 4.3 108
  118.0252 0.8 20
  118.0393 0.5 12
  119.0237 1.4 35
  119.0381 1.1 27
  119.9949 0.8 20
  120.0203 2.0 50
  120.0437 1.1 27
  121.0011 1.4 35
  121.0362 0.5 12
  121.9963 2.3 58
  122.0077 3.7 93
  122.9902 10.9 275
  123.9969 7.0 177
  124.9818 0.7 17
  125.005 2.6 65
  125.9886 1.3 32
  126.0039 1.0 25
  126.0181 0.6 15
  126.9846 0.6 15
  128.018 10.0 252
  130.0242 0.5 12
  130.0325 1.1 27
  131.018 0.4 10
  131.0337 1.0 25
  131.9792 0.8 20
  132.0416 0.6 15
  133.0155 1.4 35
  133.0397 0.5 12
  134.0029 1.0 25
  134.0225 1.0 25
  134.0323 0.6 15
  135.0033 4.6 116
  135.0274 2.2 55
  135.9956 5.1 128
  136.9961 4.2 106
  137.017 1.3 32
  138.003 6.7 169
  138.998 0.9 22
  140.0261 0.8 20
  142.0418 1.4 35
  143.0336 1.2 30
  144.0326 0.5 12
  145.0163 0.4 10
  146.0152 2.8 70
  147.0012 2.5 63
  147.0214 2.9 73
  147.0337 1.4 35
  147.9984 0.9 22
  148.018 1.0 25
  148.0412 1.6 40
  148.9934 1.9 48
  149.018 1.1 27
  149.9896 0.8 20
  150.0094 1.2 30
  150.9992 1.1 27
  151.0095 1.3 32
  151.9947 1.9 48
  152.0176 0.6 15
  153.0031 2.6 65
  153.9949 0.8 20
  154.0045 0.6 15
  155.0345 0.5 12
  156.9854 0.4 10
  157.0267 0.5 12
  157.0492 0.4 10
  158.0352 0.7 17
  159.02 1.0 25
  159.0316 1.1 27
  159.9973 1.1 27
  160.9937 0.7 17
  161.018 0.8 20
  162.0101 1.2 30
  163.0089 8.6 217
  163.9988 1.1 27
  164.9899 0.4 10
  165.0132 1.6 40
  165.999 1.3 32
  167.0041 0.9 22
  167.0365 1.1 27
  168.0171 0.9 22
  169.0526 1.3 32
  170.0361 0.7 17
  172.003 0.8 20
  173.0059 0.7 17
  174.0151 1.6 40
  175.0226 5.5 139
  175.9966 0.4 10
  176.0114 0.5 12
  176.9835 0.4 10
  177.0145 0.8 20
  177.0265 0.5 12
  177.988 0.5 12
  178.9922 1.2 30
  179.0283 0.5 12
  180.0014 1.3 32
  180.0424 0.6 15
  181.0132 0.4 10
  181.0537 0.9 22
  181.9769 0.4 10
  185.0443 0.6 15
  186.0133 1.2 30
  186.0345 0.5 12
  187.0185 1.3 32
  190.9933 2.1 53
  193.009 0.6 15
  194.0472 0.4 10
  195.0262 0.6 15
  195.065 0.7 17
  196.0371 0.5 12
  196.0674 0.4 10
  198.0144 1.4 35
  199.0109 1.1 27
  199.0381 0.6 15
  200.0141 1.4 35
  201.0241 2.1 53
  202.0109 1.4 35
  203.0122 0.6 15
  205.0014 0.9 22
  205.9794 0.7 17
  206.9903 0.8 20
  210.0495 0.4 10
  212.0179 0.8 20
  213.0019 0.4 10
  213.0199 0.6 15
  213.0329 0.4 10
  214.0225 0.8 20
  215.0079 0.8 20
  216.0164 0.7 17
  216.0322 0.4 10
  217.0226 0.6 15
  217.9772 0.9 22
  218.9874 1.5 37
  224.0528 0.7 17
  226.0153 1.0 25
  227.0007 0.5 12
  227.0334 0.5 12
  228.014 0.7 17
  229.0194 0.5 12
  232.9956 0.6 15
  239.0359 0.8 20
  240.0319 0.7 17
  241.0136 0.9 22
  244.0334 0.5 12
  245.0058 0.6 15
  254.0193 0.4 10
  257.0109 0.5 12
//
