ACCESSION: MSBNK-BAFG-CSL26052935310
RECORD_TITLE: Cefpodoxime proxetil; LC-ESI-QTOF; MS2; 80 V
DATE: 2026.05.29
AUTHORS: Björn Ehlig; Ole Lessmann; Kevin S. Jewell; Arne Wick
LICENSE: CC BY
COPYRIGHT: Copyright 2026 Federal Institute of Hydrology (Bundesanstalt für Gewässerkunde), Koblenz, Germany
COMMENT: CONFIDENCE Reference Standard (Level 1)
COMMENT: Chromatography method: bfg_nts_rp1
COMMENT: Acquisition method: 10.1002/rcm.8541
CH$NAME: Cefpodoxime proxetil
CH$FORMULA: C21H27N5O9S2
CH$EXACT_MASS: 557.125
CH$SMILES: CC(C)OC(=O)OC(C)OC(=O)C1=C(CS[C@H]2N1C(=O)[C@H]2NC(=O)/C(=N\OC)/C3=CSC(=N3)N)COC
CH$IUPAC: InChI=1S/C21H27N5O9S2/c1-9(2)33-21(30)35-10(3)34-19(29)15-11(6-31-4)7-36-18-14(17(28)26(15)18)24-16(27)13(25-32-5)12-8-37-20(22)23-12/h8-10,14,18H,6-7H2,1-5H3,(H2,22,23)(H,24,27)/b25-13-/t10?,14-,18-/m1/s1
CH$LINK: CAS 87239-81-4
CH$LINK: INCHIKEY LTINZAODLRIQIX-FBXRGJNPSA-N
AC$INSTRUMENT: TripleTOF 6600 SCIEX
AC$INSTRUMENT_TYPE: LC-ESI-QTOF
AC$MASS_SPECTROMETRY: MS_TYPE MS2
AC$MASS_SPECTROMETRY: ION_MODE NEGATIVE
AC$MASS_SPECTROMETRY: COLLISION_ENERGY 80
AC$MASS_SPECTROMETRY: FRAGMENTATION_MODE CID
AC$MASS_SPECTROMETRY: IONIZATION ESI
AC$CHROMATOGRAPHY: COLUMN_NAME Zorbax Eclipse Plus C18 2.1 mm x 150 mm, 3.5 um, Agilent
AC$CHROMATOGRAPHY: COLUMN_TEMPERATURE 40 °C
AC$CHROMATOGRAPHY: FLOW_GRADIENT 0 min min 98% A, 1 min 98% A, 2 min 80% A, 16.5 min 2% A, 22 min 2% A, 22.1 min 98% A, 27 min 98% A
AC$CHROMATOGRAPHY: FLOW_RATE 0.3 mL/min
AC$CHROMATOGRAPHY: RETENTION_TIME 10.209 min
AC$CHROMATOGRAPHY: SOLVENT A: Water 0.1% Formic acid, B: Acetonitrile 0.1% Formic acid
MS$FOCUSED_ION: PRECURSOR_M/Z 556.1177
MS$FOCUSED_ION: PRECURSOR_TYPE [M-H]-
MS$DATA_PROCESSING: COMMENT Export with csl-tools 1.1.0 and CSL_v26.2
PK$SPLASH: splash10-0a4j-6910000000-fe24d9de5af39e12f52d
PK$NUM_PEAK: 244
PK$PEAK: m/z int. rel.int.
  32.9804 0.5 11
  41.0033 0.7 15
  41.0146 1.1 24
  41.9983 17.9 394
  43.0193 9.3 205
  50.0035 7.2 158
  56.9797 1.0 22
  57.0344 22.7 500
  57.9751 15.6 344
  59.0502 45.3 999
  64.006 0.8 17
  65.0138 6.2 136
  65.9978 5.8 127
  68.0016 0.7 15
  68.98 0.5 11
  70.9834 0.8 17
  70.996 1.1 24
  71.9922 0.8 17
  74.0031 1.9 41
  76.0193 1.3 28
  79.017 1.5 33
  80.0137 1.0 22
  80.9787 0.6 13
  81.01 0.5 11
  81.9748 12.7 280
  82.9832 0.7 15
  82.9948 0.9 19
  83.9902 2.1 46
  84.974 0.6 13
  90.0099 4.8 105
  91.0283 1.8 39
  92.0249 7.8 172
  93.0081 0.7 15
  94.9851 0.6 13
  95.9908 29.3 646
  96.987 15.0 330
  97.9959 2.7 59
  98.0064 4.2 92
  99.0011 2.6 57
  99.9855 1.3 28
  101.0137 0.5 11
  103.0177 0.5 11
  103.0287 0.9 19
  103.0394 4.0 88
  104.0123 2.8 61
  105.0341 1.0 22
  106.0042 0.6 13
  106.028 3.1 68
  107.0097 0.6 13
  107.036 6.6 145
  107.9909 5.0 110
  108.0193 1.1 24
  108.9866 5.6 123
  109.9836 0.8 17
  110.008 6.1 134
  110.9988 0.8 17
  111.9871 2.1 46
  112.0398 0.6 13
  115.0306 1.6 35
  116.0253 1.9 41
  117.0198 5.3 116
  118.0265 1.3 28
  119.028 2.6 57
  119.04 0.6 13
  119.993 1.4 30
  120.0221 3.6 79
  120.0447 1.3 28
  120.9997 1.3 28
  121.0381 0.7 15
  122.0077 10.5 231
  122.9903 13.3 293
  123.9991 10.7 235
  124.9825 1.2 26
  125.0065 4.3 94
  125.9894 2.3 50
  126.001 0.9 19
  126.014 1.5 33
  126.9842 0.6 13
  128.0177 20.8 458
  130.0315 1.7 37
  131.0246 0.7 15
  131.0358 1.2 26
  131.9788 0.5 11
  132.0401 1.0 22
  133.0194 3.0 66
  133.0425 1.1 24
  134.0007 1.0 22
  134.0247 2.5 55
  135.0028 4.6 101
  135.0319 2.8 61
  135.0549 0.6 13
  135.9982 6.7 147
  136.9966 5.1 112
  137.0186 1.1 24
  138.0023 11.5 253
  138.9834 0.6 13
  138.9946 0.5 11
  139.0101 0.8 17
  140.0255 1.2 26
  140.9994 1.4 30
  141.0277 0.5 11
  142.0426 1.8 39
  143.0387 1.2 26
  144.0321 0.5 11
  145.0152 0.7 15
  146.0152 3.7 81
  147.0037 2.6 57
  147.0291 5.2 114
  148.0023 1.5 33
  148.0403 2.5 55
  148.9945 2.5 55
  149.0153 1.3 28
  150.0009 4.1 90
  151.0049 2.9 63
  151.9944 2.6 57
  152.0172 1.5 33
  153.0012 2.9 63
  153.0123 1.5 33
  153.9797 0.5 11
  154.0015 1.2 26
  156.0558 0.8 17
  157.0551 0.5 11
  159.0011 0.9 19
  159.0265 3.3 72
  160.0027 1.6 35
  160.0454 0.5 11
  160.9909 0.5 11
  161.0179 1.4 30
  162.0133 2.1 46
  163.008 13.0 286
  163.9998 2.7 59
  164.9852 0.5 11
  165.0141 3.4 74
  165.9989 2.8 61
  167.0013 1.5 33
  167.033 1.9 41
  168.0095 1.4 30
  168.0182 1.4 30
  168.0459 0.6 13
  169.0506 1.0 22
  170.0393 1.3 28
  170.9958 0.6 13
  171.0235 0.5 11
  172.014 0.6 13
  174.0159 2.3 50
  175.0105 2.0 44
  175.0253 7.5 165
  176.0002 0.5 11
  176.0215 0.7 15
  176.9878 0.5 11
  177.0169 0.5 11
  177.9833 0.5 11
  177.9955 0.6 13
  178.0164 0.6 13
  178.9978 2.0 44
  179.9884 0.8 17
  180.0059 1.0 22
  180.0429 0.5 11
  180.051 0.5 11
  181.008 0.7 15
  181.0514 1.1 24
  181.9748 1.0 22
  182.0359 0.6 13
  182.0567 0.9 19
  183.0332 0.7 15
  185.049 1.0 22
  186.0167 3.7 81
  186.0529 0.5 11
  187.0223 0.9 19
  188.0066 1.1 24
  188.0312 0.9 19
  188.9961 0.8 17
  189.0265 0.6 13
  190.008 1.3 28
  190.9945 6.5 143
  192.0015 2.2 48
  193.0084 1.0 22
  193.0182 0.6 13
  194.0493 0.8 17
  195.0295 1.6 35
  195.0542 1.6 35
  196.0369 1.3 28
  196.0638 1.1 24
  197.05 0.8 17
  198.0091 0.6 13
  199.0102 1.3 28
  200.0174 1.1 24
  200.0284 0.9 19
  200.9929 0.5 11
  201.0232 2.8 61
  202.0107 2.3 50
  202.0363 0.5 11
  202.9967 0.8 17
  203.017 1.1 24
  204.9874 0.5 11
  205.0211 0.5 11
  205.9851 2.2 48
  206.0426 0.8 17
  206.9925 1.2 26
  207.062 0.5 11
  207.9987 1.3 28
  208.067 0.7 15
  210.0418 0.8 17
  211.0082 0.6 13
  211.0384 0.5 11
  212.0578 0.8 17
  213.0268 1.7 37
  214.0055 1.4 30
  214.018 0.8 17
  214.0336 1.1 24
  215.0143 1.0 22
  216.0265 1.3 28
  217.0164 1.0 22
  218.001 1.1 24
  218.99 2.7 59
  222.0398 0.6 13
  223.0484 0.5 11
  223.059 0.5 11
  224.0588 1.5 33
  225.0314 0.6 13
  226.0169 2.0 44
  227.0081 0.8 17
  228.0331 1.1 24
  229.0204 2.5 55
  229.9934 0.5 11
  230.0047 0.8 17
  230.0258 0.6 13
  230.9752 0.5 11
  232.9959 2.1 46
  238.0116 0.5 11
  239.0321 0.7 15
  240.0034 0.5 11
  240.036 2.3 50
  242.0076 1.0 22
  242.02 0.8 17
  243.0409 0.5 11
  244.0301 0.7 15
  244.9959 1.2 26
  253.0577 0.5 11
  254.0211 0.7 15
  256.0316 1.7 37
  261.0477 0.8 17
  268.0398 0.7 15
  287.9964 0.5 11
//
