ACCESSION: MSBNK-BAFG-CSL26052935305
RECORD_TITLE: Cefpodoxime proxetil; LC-ESI-QTOF; MS2; 30 V
DATE: 2026.05.29
AUTHORS: Björn Ehlig; Ole Lessmann; Kevin S. Jewell; Arne Wick
LICENSE: CC BY
COPYRIGHT: Copyright 2026 Federal Institute of Hydrology (Bundesanstalt für Gewässerkunde), Koblenz, Germany
COMMENT: CONFIDENCE Reference Standard (Level 1)
COMMENT: Chromatography method: bfg_nts_rp1
COMMENT: Acquisition method: 10.1002/rcm.8541
CH$NAME: Cefpodoxime proxetil
CH$FORMULA: C21H27N5O9S2
CH$EXACT_MASS: 557.125
CH$SMILES: CC(C)OC(=O)OC(C)OC(=O)C1=C(CS[C@H]2N1C(=O)[C@H]2NC(=O)/C(=N\OC)/C3=CSC(=N3)N)COC
CH$IUPAC: InChI=1S/C21H27N5O9S2/c1-9(2)33-21(30)35-10(3)34-19(29)15-11(6-31-4)7-36-18-14(17(28)26(15)18)24-16(27)13(25-32-5)12-8-37-20(22)23-12/h8-10,14,18H,6-7H2,1-5H3,(H2,22,23)(H,24,27)/b25-13-/t10?,14-,18-/m1/s1
CH$LINK: CAS 87239-81-4
CH$LINK: INCHIKEY LTINZAODLRIQIX-FBXRGJNPSA-N
AC$INSTRUMENT: TripleTOF 6600 SCIEX
AC$INSTRUMENT_TYPE: LC-ESI-QTOF
AC$MASS_SPECTROMETRY: MS_TYPE MS2
AC$MASS_SPECTROMETRY: ION_MODE NEGATIVE
AC$MASS_SPECTROMETRY: COLLISION_ENERGY 30
AC$MASS_SPECTROMETRY: FRAGMENTATION_MODE CID
AC$MASS_SPECTROMETRY: IONIZATION ESI
AC$CHROMATOGRAPHY: COLUMN_NAME Zorbax Eclipse Plus C18 2.1 mm x 150 mm, 3.5 um, Agilent
AC$CHROMATOGRAPHY: COLUMN_TEMPERATURE 40 °C
AC$CHROMATOGRAPHY: FLOW_GRADIENT 0 min min 98% A, 1 min 98% A, 2 min 80% A, 16.5 min 2% A, 22 min 2% A, 22.1 min 98% A, 27 min 98% A
AC$CHROMATOGRAPHY: FLOW_RATE 0.3 mL/min
AC$CHROMATOGRAPHY: RETENTION_TIME 10.209 min
AC$CHROMATOGRAPHY: SOLVENT A: Water 0.1% Formic acid, B: Acetonitrile 0.1% Formic acid
MS$FOCUSED_ION: PRECURSOR_M/Z 556.1177
MS$FOCUSED_ION: PRECURSOR_TYPE [M-H]-
MS$DATA_PROCESSING: COMMENT Export with csl-tools 1.1.0 and CSL_v26.2
PK$SPLASH: splash10-0a4i-0696200000-9c6754987e99e007cf3d
PK$NUM_PEAK: 166
PK$PEAK: m/z int. rel.int.
  41.9985 13.5 54
  57.0352 2.6 10
  57.9754 8.5 34
  59.0504 13.7 55
  81.9749 2.6 10
  96.9862 11.5 46
  99.0017 3.9 15
  99.9853 3.5 14
  103.0398 100.1 405
  107.0371 2.7 10
  108.0199 5.7 23
  122.9909 4.1 16
  123.9983 49.0 198
  126.0128 2.6 10
  128.0182 27.7 112
  134.0238 10.6 42
  135.0321 9.8 39
  138.002 6.7 27
  142.0342 4.2 17
  147.0328 5.8 23
  148.0381 3.4 13
  149.9776 3.2 12
  150.0029 3.7 14
  151.0117 5.2 21
  151.9929 16.3 66
  153.0021 12.1 49
  154.0085 3.1 12
  154.0349 2.7 10
  159.0289 2.9 11
  163.0103 11.6 46
  163.0514 4.5 18
  164.0168 7.2 29
  164.9909 3.8 15
  165.0191 6.8 27
  165.9966 13.6 55
  167.0042 16.7 67
  167.0301 3.7 14
  168.0135 22.0 89
  170.0285 6.6 26
  173.0361 18.8 76
  175.0268 3.6 14
  176.0354 2.5 10
  177.9963 3.3 13
  179.0033 8.3 33
  180.0114 23.2 93
  180.0363 9.5 38
  181.9751 3.4 13
  182.0042 3.9 15
  182.0289 30.9 125
  183.037 14.3 57
  184.0192 3.5 14
  191.0012 20.4 82
  192.0082 8.0 32
  192.9841 2.9 11
  193.0092 22.7 91
  194.016 2.5 10
  195.0339 29.6 119
  197.0432 3.3 13
  198.0252 2.6 10
  199.0302 10.0 40
  201.0276 3.9 15
  202.0059 3.8 15
  204.0212 2.5 10
  205.0078 3.1 12
  205.9884 7.9 32
  206.9992 26.5 107
  208.0057 73.9 299
  209.0149 12.4 50
  213.0302 3.1 12
  214.001 38.2 154
  218.0042 2.9 11
  218.9915 26.5 107
  219.9992 7.9 32
  223.018 26.8 108
  224.0248 18.6 75
  225.034 10.3 41
  228.0343 4.1 16
  229.0199 6.7 27
  229.9886 2.8 11
  234.0104 10.2 41
  234.9937 28.3 114
  239.0254 89.2 361
  240.037 6.3 25
  241.0188 5.7 23
  242.0026 3.9 15
  242.0523 2.5 10
  243.033 3.4 13
  244.9983 3.6 14
  246.0113 5.8 23
  246.0354 3.0 12
  247.0214 3.5 14
  251.0141 30.9 125
  256.031 35.8 145
  257.0126 2.8 11
  257.037 8.8 35
  258.0245 4.4 17
  258.0443 4.7 19
  259.0252 2.5 10
  260.0036 2.8 11
  260.9903 12.0 48
  261.0468 7.7 31
  265.0043 21.0 85
  266.9996 3.2 12
  268.031 8.4 34
  272.0076 2.6 10
  272.029 5.2 21
  272.0595 5.5 22
  272.9932 9.9 40
  273.0433 7.5 30
  274.0058 7.2 29
  274.0358 3.8 15
  275.0252 7.7 31
  277.037 2.7 10
  278.0191 9.7 39
  283.0122 9.4 38
  284.0266 26.9 108
  285.0324 7.2 29
  286.0425 8.5 34
  287.0529 2.7 10
  288.0035 13.9 56
  288.0578 25.0 101
  288.9882 4.3 17
  289.0099 2.7 10
  289.0395 3.0 12
  290.017 5.3 21
  291.0055 3.1 12
  293.0199 10.1 40
  299.0445 2.7 10
  300.0044 10.6 42
  300.0563 6.4 25
  301.0094 15.7 63
  301.9941 6.0 24
  302.0214 7.1 28
  303.0199 2.8 11
  304.0154 33.6 136
  305.0178 8.5 34
  306.0255 10.8 43
  311.0134 2.9 11
  312.0238 7.7 31
  315.0424 7.5 30
  315.9986 6.7 27
  316.0509 19.5 78
  317.0043 25.5 103
  317.059 13.6 55
  318.0122 15.8 64
  320.0251 6.9 27
  321.0204 3.1 12
  332.028 15.3 61
  333.0072 2.8 11
  333.0348 17.0 68
  334.0127 16.5 66
  343.0375 7.1 28
  343.9923 2.6 10
  344.0489 17.7 71
  344.9994 29.1 117
  346.0077 7.4 29
  346.0624 3.3 13
  348.023 12.1 49
  349.0283 26.8 108
  362.002 22.9 92
  364.0519 10.8 43
  374.0564 5.0 20
  376.017 39.1 158
  377.025 101.5 411
  380.0502 43.9 177
  408.0437 246.6 999
//
