ACCESSION: MSBNK-BAFG-CSL26052935253
RECORD_TITLE: Olanzapine; LC-ESI-QTOF; MS2; 40 V
DATE: 2026.05.29
AUTHORS: Björn Ehlig; Ole Lessmann; Kevin S. Jewell; Arne Wick
LICENSE: CC BY
COPYRIGHT: Copyright 2026 Federal Institute of Hydrology (Bundesanstalt für Gewässerkunde), Koblenz, Germany
COMMENT: CONFIDENCE Reference Standard (Level 1)
COMMENT: Chromatography method: bfg_nts_rp1
COMMENT: Acquisition method: 10.1002/rcm.8541
CH$NAME: Olanzapine
CH$FORMULA: C17H20N4S
CH$EXACT_MASS: 312.1409
CH$SMILES: CC1=CC2=C(S1)NC3=CC=CC=C3N=C2N4CCN(CC4)C
CH$IUPAC: InChI=1S/C17H20N4S/c1-12-11-13-16(21-9-7-20(2)8-10-21)18-14-5-3-4-6-15(14)19-17(13)22-12/h3-6,11,19H,7-10H2,1-2H3
CH$LINK: CAS 132539-06-1
CH$LINK: INCHIKEY KVWDHTXUZHCGIO-UHFFFAOYSA-N
AC$INSTRUMENT: TripleTOF 6600 SCIEX
AC$INSTRUMENT_TYPE: LC-ESI-QTOF
AC$MASS_SPECTROMETRY: MS_TYPE MS2
AC$MASS_SPECTROMETRY: ION_MODE POSITIVE
AC$MASS_SPECTROMETRY: COLLISION_ENERGY 40
AC$MASS_SPECTROMETRY: FRAGMENTATION_MODE CID
AC$MASS_SPECTROMETRY: IONIZATION ESI
AC$CHROMATOGRAPHY: COLUMN_NAME Zorbax Eclipse Plus C18 2.1 mm x 150 mm, 3.5 um, Agilent
AC$CHROMATOGRAPHY: COLUMN_TEMPERATURE 40 °C
AC$CHROMATOGRAPHY: FLOW_GRADIENT 0 min min 98% A, 1 min 98% A, 2 min 80% A, 16.5 min 2% A, 22 min 2% A, 22.1 min 98% A, 27 min 98% A
AC$CHROMATOGRAPHY: FLOW_RATE 0.3 mL/min
AC$CHROMATOGRAPHY: RETENTION_TIME 5.04 min
AC$CHROMATOGRAPHY: SOLVENT A: Water 0.1% Formic acid, B: Acetonitrile 0.1% Formic acid
MS$FOCUSED_ION: PRECURSOR_M/Z 157.0777
MS$FOCUSED_ION: PRECURSOR_TYPE [M+2H]2+
MS$DATA_PROCESSING: COMMENT Export with csl-tools 1.1.0 and CSL_v26.2
PK$SPLASH: splash10-00mk-1900000000-fbebae037fbedc4dca95
PK$NUM_PEAK: 934
PK$PEAK: m/z int. rel.int.
  30.0337 52.4669 8
  32.0487 1.0651 0
  35.999 1.5028 0
  37.0065 9.4839 1
  38.0021 2.2486 0
  38.0143 7.6038 1
  38.9049 0.7439 0
  39.0225 71.8847 12
  40.0042 0.714 0
  40.0182 1.1662 0
  41.0269 5.3926 0
  41.0375 17.7003 3
  41.9067 1.9119 0
  42.0335 265.6801 45
  42.9129 0.6148 0
  43.0413 119.8986 20
  43.9163 5.524 0
  43.9707 2.8419 0
  44.0491 728.527 124
  44.3804 0.8647 0
  44.4132 1.1962 0
  44.4887 0.8451 0
  44.5886 0.683 0
  44.8417 0.974 0
  44.979 120.2013 20
  45.0516 0.6663 0
  45.9741 1.2071 0
  45.9876 0.5322 0
  46.9943 11.8813 2
  49.007 1.3338 0
  50.0144 20.0262 3
  50.8681 0.755 0
  51.0224 73.3654 12
  52.0175 9.8441 1
  52.0287 3.4772 0
  53.0127 3.7655 0
  53.0377 14.9161 2
  54.008 0.6418 0
  54.0323 2.5677 0
  55.04 1.1192 0
  55.0527 0.6818 0
  55.8781 1.1456 0
  56.0489 213.6413 36
  56.978 0.8621 0
  57.0564 14.6468 2
  57.8873 13.4287 2
  57.986 8.7754 1
  58.0658 2109.845 360
  58.3984 1.4007 0
  58.4439 3.6085 0
  58.4711 4.1907 0
  58.4865 3.4907 0
  58.507 8.1913 1
  58.5264 2.5832 0
  58.5405 1.382 0
  58.565 3.2883 0
  58.5873 0.6948 0
  58.6052 2.3802 0
  58.6458 1.7359 0
  58.6726 0.5098 0
  58.687 1.4558 0
  58.702 0.511 0
  58.7252 1.063 0
  58.7409 1.1024 0
  58.7806 0.7853 0
  58.8163 0.9228 0
  58.827 0.5368 0
  58.8497 0.5369 0
  58.8614 0.6021 0
  58.885 1.247 0
  58.9939 58.833 10
  59.0669 4.5454 0
  59.4528 0.7242 0
  59.4858 0.7645 0
  59.5046 0.554 0
  59.6878 0.7539 0
  59.7555 0.7358 0
  59.9897 3.2036 0
  59.9983 3.8591 0
  61.0068 13.3733 2
  62.0143 25.569 4
  63.0221 78.4523 13
  64.0171 17.9416 3
  64.0286 2.8131 0
  64.8386 1.1854 0
  65.0377 231.589 39
  66.0332 10.2321 1
  66.0436 2.1245 0
  67.0401 10.1116 1
  67.9701 10.2475 1
  68.0477 4.8319 0
  68.7661 0.9669 0
  68.9785 217.018 37
  69.0435 0.7659 0
  69.8494 2.1996 0
  69.9744 19.1366 3
  69.9846 10.6626 1
  70.0645 199.7163 34
  70.5272 1.3253 0
  70.9936 65.4311 11
  71.0596 1.1865 0
  71.0712 3.3982 0
  71.3365 0.5318 0
  71.5315 0.8021 0
  71.9992 0.6272 0
  72.0797 49.001 8
  73.0066 8.2679 1
  74.0142 88.7538 15
  74.7906 1.2428 0
  75.0217 183.6866 31
  75.7973 0.6405 0
  76.0284 107.3666 18
  76.8015 2.0628 0
  77.0377 296.0765 50
  78.0336 64.8671 11
  78.2265 0.5141 0
  79.0405 6.8291 1
  80.0478 9.6083 1
  80.9774 1.5837 0
  81.0429 0.7091 0
  81.056 0.5537 0
  81.9859 17.3655 2
  82.0637 14.6558 2
  82.9935 22.8362 3
  83.0301 0.5578 0
  83.0587 12.1916 2
  83.5351 0.5781 0
  83.9883 0.5616 0
  84.0005 5.1485 0
  84.0341 0.9505 0
  84.0732 59.7727 10
  84.5376 1.1173 0
  85.0087 26.5461 4
  85.0748 14.1685 2
  86.0141 10.7425 1
  86.0827 2.6678 0
  86.5131 0.5393 0
  87.0217 30.84 5
  88.0284 59.0491 10
  88.7631 1.8592 0
  89.0379 418.5103 71
  89.5676 0.5282 0
  89.7607 0.6119 0
  89.9314 0.5113 0
  90.0375 94.6803 16
  90.5001 0.6137 0
  90.7716 0.5371 0
  91.0521 55.9662 9
  91.9714 1.1 0
  92.0031 0.5097 0
  92.0479 30.9855 5
  92.7668 0.67 0
  92.9779 30.5487 5
  93.018 0.6412 0
  93.0556 7.8648 1
  93.9766 26.6142 4
  94.0619 1.0145 0
  94.9811 6.0096 1
  94.9927 10.4491 1
  95.0534 1.0034 0
  95.6955 1.0727 0
  95.9898 84.3513 14
  96.0393 0.6818 0
  96.5379 1.1594 0
  96.993 0.5144 0
  97.009 7.7951 1
  97.0387 0.7842 0
  97.0738 0.9559 0
  97.5406 0.8126 0
  98.0136 26.0983 4
  98.043 0.7201 0
  98.0817 0.5249 0
  98.548 1.9589 0
  98.7147 0.6187 0
  98.7838 3.0379 0
  99.0211 113.8523 19
  99.0576 12.9534 2
  99.0737 13.6282 2
  99.0909 491.4 83
  99.2181 0.5035 0
  99.5199 0.6639 0
  99.721 0.5475 0
  99.749 0.5805 0
  99.8199 0.6088 0
  99.8869 0.6799 0
  100.0274 126.1775 21
  100.0943 2.7419 0
  100.6799 0.5973 0
  100.7233 0.8525 0
  100.7943 21.8377 3
  100.8169 0.6534 0
  100.8709 0.6176 0
  101.0369 167.4587 28
  101.1084 2423.395 414
  101.5392 0.7236 0
  101.5681 0.5341 0
  101.6045 2.8176 0
  101.643 13.3462 2
  101.6632 3.5688 0
  101.6912 11.1956 1
  101.7263 11.449 1
  101.7672 5.0826 0
  101.7929 1.9973 0
  101.8213 3.2733 0
  101.8725 2.6386 0
  101.8847 0.9509 0
  101.9151 0.6024 0
  101.9291 2.2092 0
  101.9571 0.9824 0
  101.9835 1.6029 0
  102.0429 930.2792 158
  102.0853 0.9887 0
  102.1093 8.43 1
  102.1335 0.5151 0
  102.1985 0.6188 0
  102.2458 0.6736 0
  102.2694 0.6219 0
  102.3595 0.5703 0
  102.3909 0.9263 0
  102.4182 0.7602 0
  102.4399 0.7453 0
  102.4703 0.5543 0
  102.4837 1.2849 0
  102.5133 1.3334 0
  102.537 1.5518 0
  102.5482 0.5019 0
  102.5804 0.5546 0
  102.5922 0.9194 0
  102.6152 1.9435 0
  102.654 1.3549 0
  102.6865 0.7825 0
  102.7088 1.9031 0
  102.731 1.0367 0
  102.7544 0.9713 0
  102.7821 0.8576 0
  102.8104 1.3496 0
  102.833 0.8877 0
  102.8494 0.7632 0
  102.8678 0.571 0
  102.8916 0.5867 0
  102.9125 0.814 0
  102.9369 0.6951 0
  102.9587 1.1283 0
  102.9756 0.6084 0
  103.0046 0.5137 0
  103.0406 83.3954 14
  103.0785 0.5502 0
  103.1065 0.6216 0
  103.1382 0.7464 0
  103.1938 0.8151 0
  103.2101 0.5663 0
  103.2878 0.5736 0
  103.3134 0.6315 0
  103.3508 0.7593 0
  103.3883 0.8822 0
  103.4369 0.5212 0
  103.4785 0.7655 0
  103.5178 0.9764 0
  103.5395 2.2108 0
  103.6179 0.5052 0
  103.6738 0.6619 0
  103.721 0.9759 0
  103.782 0.5371 0
  103.9953 0.5906 0
  104.0478 55.8538 9
  104.1674 0.5159 0
  104.1939 0.7417 0
  104.4159 0.5416 0
  104.5463 1.5489 0
  104.747 0.508 0
  104.9784 0.8566 0
  105.0436 11.6269 1
  105.9847 4.5147 0
  106.0189 1.8446 0
  106.0633 4.4086 0
  106.6544 0.564 0
  106.993 13.2156 2
  107.0267 1.5825 0
  107.0587 1.4462 0
  107.2139 0.5793 0
  107.6658 0.8486 0
  108.0012 56.5454 9
  108.0662 0.5145 0
  108.6722 2.3315 0
  109.0096 297.9799 50
  109.629 0.5858 0
  110.0043 23.734 4
  110.5453 1.6696 0
  110.6184 0.5545 0
  111.0104 2.8594 0
  111.0211 1.8351 0
  111.0492 0.8071 0
  111.5547 1.7513 0
  112.0182 9.8729 1
  112.5219 0.525 0
  112.6882 1.1238 0
  113.0373 166.7991 28
  113.5239 1.475 0
  113.685 2.2642 0
  114.0391 280.7182 47
  114.531 0.746 0
  114.5996 0.505 0
  114.6959 17.5031 2
  114.9424 0.5073 0
  115.0526 2895.8086 494
  115.5259 1.0284 0
  115.5829 1.1623 0
  115.6441 1.3762 0
  115.6574 0.533 0
  115.6944 4.7774 0
  115.7427 1.2348 0
  115.7601 1.25 0
  115.7886 0.5703 0
  115.8185 0.8106 0
  115.845 1.2104 0
  115.8722 1.0579 0
  115.925 1.4565 0
  115.982 1.0047 0
  116.0265 0.8794 0
  116.0493 452.6913 77
  116.2272 0.9574 0
  116.3057 0.7026 0
  116.3378 0.6822 0
  116.3693 0.6619 0
  116.4113 0.9233 0
  116.4681 0.5727 0
  116.5128 0.6433 0
  116.5501 1.1823 0
  116.6453 1.1266 0
  116.6957 1.3241 0
  116.7278 0.6083 0
  116.7482 1.0703 0
  116.8006 0.8118 0
  116.8195 0.5546 0
  116.8459 0.7778 0
  116.9321 0.6285 0
  116.9425 0.517 0
  116.9777 10.5583 1
  117.0078 0.7161 0
  117.0562 115.3624 19
  117.381 0.5005 0
  117.4504 0.6832 0
  117.5547 0.6835 0
  117.6165 0.7552 0
  117.7865 0.6659 0
  117.9858 10.3001 1
  118.0181 0.6772 0
  118.0517 31.0413 5
  118.5192 0.7077 0
  118.6942 0.5025 0
  118.9934 19.9964 3
  119.0252 1.8733 0
  119.0587 13.806 2
  119.1598 0.6253 0
  119.1885 0.5886 0
  119.2845 0.5167 0
  119.4336 0.626 0
  119.5247 2.0277 0
  120.0013 67.3387 11
  120.0237 1.6805 0
  120.0744 0.7016 0
  120.532 1.815 0
  121.0084 30.9585 5
  121.0364 0.7376 0
  121.3159 0.5049 0
  122.0045 24.3181 4
  123.0131 6.5356 1
  124.0232 9.7177 1
  124.5627 0.7192 0
  124.6479 1.6678 0
  124.6698 0.5299 0
  125.0376 362.1905 61
  125.5288 0.5333 0
  125.5863 0.535 0
  125.6502 2.7589 0
  126.0409 375.9853 64
  126.532 0.9223 0
  126.6472 8.6783 1
  127.0438 1465.1609 250
  127.5416 0.7706 0
  127.6536 3.8872 0
  127.7158 0.6537 0
  127.737 0.7537 0
  127.8101 0.7897 0
  127.8407 0.831 0
  127.9001 1.0631 0
  127.9359 0.8909 0
  127.9691 0.8299 0
  128.0495 379.3823 64
  128.3065 0.6155 0
  128.4879 0.5626 0
  128.6133 0.5231 0
  128.6442 1.1665 0
  128.6616 0.9086 0
  128.7142 0.5201 0
  128.806 0.5051 0
  128.9104 0.7349 0
  129.0489 145.7735 24
  129.4624 0.9114 0
  129.5028 0.735 0
  129.9865 0.5827 0
  130.0392 32.3573 5
  130.0628 11.5326 1
  130.1159 0.8752 0
  130.5466 0.6192 0
  130.8178 0.5444 0
  131.0584 11.125 1
  131.6422 0.5662 0
  132.0014 3.1003 0
  132.0671 6.3668 1
  133.0075 34.5296 5
  133.0342 0.9036 0
  133.0726 1.8909 0
  133.5394 1.8683 0
  134.0074 77.7705 13
  135.0124 15.3692 2
  135.5983 0.8264 0
  136.0195 28.4613 4
  137.0192 1.6237 0
  137.0354 1.2236 0
  138.0334 26.1565 4
  139.0409 49.5685 8
  139.6108 6.4997 1
  140.0484 1108.2855 189
  140.4605 0.6423 0
  140.5889 0.5277 0
  140.6197 1.7523 0
  140.9079 0.5667 0
  141.0549 341.2723 58
  141.5427 0.8694 0
  141.6204 5.629 0
  141.6428 0.5071 0
  141.6962 0.732 0
  141.7362 0.8265 0
  141.9364 0.5286 0
  142.061 1005.0117 171
  142.6184 1.4797 0
  142.6588 1.0221 0
  142.8387 0.6494 0
  142.9382 0.7327 0
  142.9933 6.3244 1
  143.0141 0.523 0
  143.0332 0.8664 0
  143.0603 204.2929 34
  143.5539 1.1018 0
  143.6075 0.6537 0
  143.7026 0.5899 0
  143.9467 0.8153 0
  144.0 52.3213 8
  144.0642 8.821 1
  144.472 0.5265 0
  144.5571 2.7549 0
  144.8948 0.5307 0
  145.0083 412.8978 70
  145.0774 1.0087 0
  145.4861 0.6774 0
  145.5625 9.4596 1
  145.7694 0.534 0
  145.91 0.6555 0
  146.0148 1878.8616 321
  146.3535 0.7584 0
  146.6023 0.6783 0
  146.6276 0.6435 0
  146.6558 0.516 0
  146.6873 0.8043 0
  146.7377 0.5995 0
  146.7637 0.6191 0
  146.8081 0.7664 0
  146.828 0.7222 0
  146.8789 0.7674 0
  146.9481 0.5182 0
  147.0132 29.3304 5
  147.0892 0.7024 0
  147.1231 0.5381 0
  147.1718 0.5612 0
  147.2091 0.8483 0
  147.6231 0.9527 0
  147.8699 0.8938 0
  148.0202 31.7119 5
  148.0815 0.9286 0
  148.2119 0.5222 0
  148.336 0.5352 0
  148.5637 0.705 0
  148.8631 0.5593 0
  149.0276 14.015 2
  149.4358 0.7457 0
  149.9192 0.5776 0
  150.0324 13.6262 2
  150.1167 0.6459 0
  150.1606 0.7088 0
  151.0405 72.3966 12
  151.5741 6.1312 1
  152.0485 1162.0913 198
  152.4977 0.5713 0
  152.576 4.7995 0
  152.6648 0.6965 0
  152.7403 0.5284 0
  152.809 0.5051 0
  153.05 990.563 169
  153.3922 0.6782 0
  153.5812 4.6691 0
  153.6537 0.8441 0
  153.671 0.6753 0
  153.7437 0.6563 0
  153.8027 0.7626 0
  153.8367 0.5938 0
  153.86 0.5521 0
  153.8718 0.5286 0
  153.915 0.5086 0
  153.9462 0.9268 0
  154.0569 866.6536 148
  154.4476 0.6281 0
  154.5252 0.5445 0
  154.5739 0.9138 0
  154.5889 0.8737 0
  154.6954 0.7832 0
  154.7696 0.6995 0
  154.8012 0.5712 0
  154.834 0.9111 0
  154.8902 0.8693 0
  155.06 225.1263 38
  155.2252 0.5729 0
  155.5788 0.7259 0
  155.5984 0.5736 0
  156.0024 0.9329 0
  156.0658 36.4851 6
  156.1196 0.635 0
  156.19 0.7431 0
  156.3196 0.6741 0
  156.3454 0.5082 0
  156.4398 0.72 0
  156.474 0.6595 0
  156.5086 0.5542 0
  156.6401 0.557 0
  156.705 0.5299 0
  156.7436 0.5317 0
  157.0089 20.0818 3
  157.0455 0.5278 0
  157.0716 7.4933 1
  157.2107 0.5528 0
  158.0164 92.0052 15
  158.0723 1.7864 0
  158.084 0.6037 0
  158.5279 0.9643 0
  158.8569 0.5981 0
  159.0228 101.4024 17
  159.0898 0.7774 0
  159.5288 0.8875 0
  159.905 0.5557 0
  160.0308 196.9594 33
  161.0146 23.4668 4
  161.6618 0.5213 0
  162.0357 12.5014 2
  163.0333 1.5265 0
  164.047 9.6647 1
  165.0438 76.5621 13
  165.5336 0.5049 0
  166.0524 79.4254 13
  166.5375 1.4794 0
  166.9906 0.6096 0
  167.0596 263.3253 44
  167.5451 3.7328 0
  168.0672 830.6562 141
  168.5495 8.6427 1
  168.7804 0.5974 0
  168.9274 0.573 0
  169.0068 3.4013 0
  169.0751 2017.9203 344
  169.3512 0.7052 0
  169.4735 1.8835 0
  169.5152 0.5968 0
  169.6902 0.6191 0
  169.716 0.7563 0
  169.7593 0.8662 0
  169.7889 1.3812 0
  169.8212 3.1076 0
  169.8693 3.4247 0
  170.0051 671.3566 114
  170.0298 1.1351 0
  170.0749 19.9494 3
  170.3914 0.7303 0
  170.4787 2.813 0
  170.4984 1.3631 0
  170.5643 0.849 0
  170.6189 0.8491 0
  170.6526 0.7107 0
  170.6696 0.6952 0
  170.7144 0.8035 0
  170.7373 1.1402 0
  170.8313 0.6927 0
  170.8559 0.691 0
  170.8915 0.6699 0
  171.0129 783.8074 133
  171.4208 0.5597 0
  171.4805 0.9413 0
  171.5611 0.799 0
  171.595 0.7826 0
  171.6539 1.0761 0
  171.6946 0.7561 0
  171.7201 0.7598 0
  171.7363 0.7636 0
  171.7601 0.5373 0
  171.7826 0.7388 0
  171.8106 0.6533 0
  171.8529 0.623 0
  171.8833 0.5117 0
  171.9381 0.6683 0
  172.0198 174.9985 29
  172.3145 0.6045 0
  172.3833 0.6498 0
  172.4694 0.8094 0
  172.4862 1.1912 0
  172.5094 0.6039 0
  172.6067 0.5561 0
  172.624 0.606 0
  172.7969 0.6912 0
  173.0214 300.9845 51
  173.0857 0.9753 0
  173.2045 0.5164 0
  173.2311 0.559 0
  173.6119 0.5846 0
  173.7894 0.5775 0
  173.8013 0.6071 0
  174.0235 63.2557 10
  174.0929 0.5335 0
  174.3961 1.0606 0
  174.6598 0.5381 0
  174.7317 0.5828 0
  175.0311 3.8069 0
  175.1501 0.5407 0
  175.5209 0.8612 0
  175.6296 0.5433 0
  176.0199 0.6333 0
  176.047 1.4549 0
  176.0772 0.5207 0
  176.1421 0.5366 0
  176.6267 0.5178 0
  177.0436 22.3466 3
  178.0515 64.214 10
  178.5001 17.4844 2
  178.5428 0.5675 0
  178.641 0.5695 0
  178.7763 0.5857 0
  178.8642 0.6872 0
  179.0597 3419.7144 584
  179.5114 2.0645 0
  179.6042 0.7762 0
  179.726 1.3241 0
  179.806 2.8889 0
  179.8307 1.5919 0
  179.8704 2.3029 0
  179.9029 0.7768 0
  179.9302 0.6187 0
  179.9709 0.8862 0
  180.067 1070.4818 182
  180.3869 0.9777 0
  180.4763 0.6422 0
  180.5123 1.4232 0
  180.5286 0.7782 0
  180.5578 0.5028 0
  180.5753 0.5886 0
  180.6732 0.5964 0
  180.7346 0.5747 0
  180.7498 0.7786 0
  180.8176 1.8766 0
  180.8687 0.9167 0
  180.8875 0.5967 0
  180.9389 0.5269 0
  180.9621 0.8981 0
  181.0027 0.9161 0
  181.0292 0.6659 0
  181.0741 187.0755 31
  181.1144 0.5857 0
  181.2068 0.6624 0
  181.4281 0.8037 0
  181.4481 0.5749 0
  181.5267 0.715 0
  181.6333 0.7834 0
  181.7061 0.6397 0
  181.7533 0.76 0
  181.799 1.1216 0
  181.8886 0.7593 0
  181.939 0.6884 0
  182.0058 1.4045 0
  182.0294 0.5001 0
  182.0815 56.1363 9
  182.2642 0.7828 0
  182.3779 0.9234 0
  182.5413 0.7132 0
  182.5721 1.1003 0
  182.6524 0.8529 0
  182.6709 0.5048 0
  182.7363 0.6235 0
  182.9471 0.5032 0
  183.0128 22.78 3
  183.0837 18.9004 3
  183.3652 0.5532 0
  183.4409 1.1086 0
  183.4608 0.8786 0
  183.6222 0.5023 0
  183.8041 1.044 0
  184.0206 195.5224 33
  184.0851 3.6355 0
  184.3125 0.6404 0
  184.4488 2.3272 0
  184.4677 0.7694 0
  184.7021 0.5572 0
  184.8424 0.9019 0
  184.8809 0.5278 0
  185.0279 505.771 86
  185.4567 5.0018 0
  185.8101 0.5751 0
  185.9212 0.5513 0
  186.0365 1281.9983 219
  186.4609 0.5819 0
  186.5158 0.58 0
  186.7746 0.8184 0
  186.7999 0.9585 0
  186.9726 0.5126 0
  187.0408 111.9646 19
  187.2039 0.9595 0
  187.2605 0.5159 0
  187.3416 0.8878 0
  187.4295 0.5075 0
  187.4944 0.6536 0
  187.6275 0.5616 0
  187.7609 0.5079 0
  187.941 0.7025 0
  188.0422 5.7739 0
  188.1873 0.5826 0
  188.3685 0.7217 0
  188.6405 0.5814 0
  188.6732 0.5612 0
  188.7592 0.7465 0
  189.0235 1.3396 0
  189.0443 2.0626 0
  189.3018 0.5602 0
  189.4242 0.7942 0
  189.4801 0.5102 0
  189.6474 0.6071 0
  189.7502 0.557 0
  189.801 0.6035 0
  189.8638 0.6036 0
  189.9578 0.5428 0
  190.0504 1.2474 0
  190.0666 0.8914 0
  190.3729 0.5114 0
  191.0596 6.1218 1
  191.2058 0.5591 0
  192.0661 17.6151 3
  193.0703 33.7448 5
  194.0044 1.3278 0
  194.071 63.9228 10
  194.4912 0.5639 0
  195.0113 3.3193 0
  195.0853 39.2681 6
  195.4064 0.5221 0
  196.0204 47.0629 8
  196.0863 23.8499 4
  196.398 3.7994 0
  196.4103 2.5934 0
  196.6312 0.6142 0
  197.0166 1286.7007 219
  197.4066 17.9787 3
  197.6238 0.6207 0
  197.6412 0.5685 0
  197.8096 0.6457 0
  197.8449 0.7465 0
  197.8604 0.7465 0
  197.8896 0.6715 0
  198.0263 5846.1719 999
  198.5849 0.6173 0
  198.6425 1.2486 0
  198.7319 4.8511 0
  198.7764 21.0267 3
  198.8431 20.7567 3
  198.8872 8.3568 1
  198.9414 3.8655 0
  198.9741 1.0922 0
  198.993 2.4905 0
  199.0264 78.8791 13
  199.0976 2.3416 0
  199.1202 0.5537 0
  199.1764 1.3999 0
  199.2521 0.8463 0
  199.2764 0.6045 0
  199.3202 1.3816 0
  199.4589 0.5542 0
  199.4774 1.4783 0
  199.4953 0.7724 0
  199.5344 1.301 0
  199.5607 0.6287 0
  199.5983 1.1346 0
  199.6445 1.2091 0
  199.6848 1.0376 0
  199.7185 1.3472 0
  199.7469 1.0656 0
  199.7674 0.6985 0
  199.836 1.1343 0
  199.874 0.916 0
  199.9148 0.6531 0
  199.943 0.5807 0
  199.9643 0.5797 0
  199.9816 0.5311 0
  200.0131 0.6433 0
  200.0395 15.0679 2
  200.0695 0.5819 0
  200.0947 1.0377 0
  200.1189 0.8699 0
  200.143 0.6714 0
  200.1962 0.7271 0
  200.2083 0.6764 0
  200.2399 1.0887 0
  200.2602 0.7004 0
  200.2824 0.8723 0
  200.3072 1.1376 0
  200.353 0.6508 0
  200.3724 1.0156 0
  200.4642 1.139 0
  200.5134 0.7734 0
  200.5319 0.6322 0
  200.5509 0.683 0
  200.5834 0.5558 0
  200.605 1.1414 0
  200.6338 0.7269 0
  200.6716 0.7259 0
  200.8057 1.4275 0
  200.8948 0.7761 0
  201.0038 0.6748 0
  201.0466 20.6679 3
  201.1057 0.8472 0
  201.159 0.6312 0
  201.1829 0.5755 0
  201.2251 1.0426 0
  201.2729 0.5049 0
  201.3003 0.505 0
  201.3748 0.5778 0
  201.4623 0.7035 0
  201.5947 0.6259 0
  201.7456 0.8964 0
  201.8806 0.7241 0
  201.9141 0.5077 0
  202.019 0.6076 0
  202.0542 3.4835 0
  202.162 0.508 0
  202.2363 0.8665 0
  202.3601 0.5343 0
  202.6304 0.5586 0
  202.9297 0.626 0
  202.9485 0.509 0
  203.0626 2.844 0
  203.1922 0.5804 0
  203.5487 0.631 0
  204.0627 2.6815 0
  204.421 0.9214 0
  204.5069 0.511 0
  204.7134 0.7232 0
  205.0758 9.501 1
  205.1759 0.6757 0
  205.4203 0.8603 0
  206.0062 0.536 0
  206.0724 21.237 3
  207.0778 36.2376 6
  208.013 0.8343 0
  208.0857 40.3166 6
  209.0172 8.0807 1
  209.0957 29.9232 5
  209.3634 0.6379 0
  210.0235 47.6334 8
  210.1002 13.0754 2
  210.371 5.5756 0
  211.0318 1261.0312 215
  211.3733 2.3566 0
  211.915 0.8441 0
  212.0398 1019.0045 174
  212.3723 0.7693 0
  212.7585 0.8417 0
  212.8318 0.9401 0
  213.0471 311.9568 53
  213.1584 0.7267 0
  213.3074 0.5454 0
  213.3696 0.6758 0
  213.5643 0.5478 0
  213.7195 0.7707 0
  213.7898 0.7236 0
  213.9963 0.725 0
  214.0532 30.1504 5
  214.0979 0.6451 0
  214.5052 0.5233 0
  214.8192 0.6482 0
  214.955 0.6978 0
  215.0623 8.5983 1
  215.1261 0.5498 0
  215.3856 0.8489 0
  215.6043 0.5051 0
  215.898 0.6436 0
  216.0607 0.7522 0
  217.7006 0.5469 0
  218.0719 2.0567 0
  219.08 2.8896 0
  220.0846 31.1066 5
  221.017 0.9445 0
  221.0947 15.2711 2
  222.0263 1.3284 0
  222.1015 18.459 3
  223.0324 7.3617 1
  223.1096 1.9409 0
  224.0387 13.023 2
  224.1178 1.465 0
  225.0459 19.7752 3
  226.0431 15.8992 2
  227.0583 10.7325 1
  228.0574 26.8965 4
  229.0654 8.6241 1
  230.0724 1.5216 0
  234.1056 0.652 0
  235.0264 0.523 0
  235.098 0.8353 0
  236.0355 0.9976 0
  236.115 9.7342 1
  237.0463 8.5233 1
  238.0468 9.7501 1
  239.0545 16.5749 2
  240.0582 23.1999 3
  241.0654 5.1663 0
  242.0731 11.2793 1
  251.0506 0.515 0
  252.0569 2.3093 0
  253.0771 3.2431 0
  254.0719 6.9924 1
  255.0737 0.6996 0
  256.0887 4.3217 0
  264.051 0.7495 0
  266.0733 0.5015 0
//
