ACCESSION: MSBNK-BAFG-CSL26052935252
RECORD_TITLE: Daptomycin; LC-ESI-QTOF; MS2; 40 V
DATE: 2026.05.29
AUTHORS: Björn Ehlig; Ole Lessmann; Kevin S. Jewell; Arne Wick
LICENSE: CC BY
COPYRIGHT: Copyright 2026 Federal Institute of Hydrology (Bundesanstalt für Gewässerkunde), Koblenz, Germany
COMMENT: CONFIDENCE Reference Standard (Level 1)
COMMENT: Chromatography method: bfg_nts_rp1
COMMENT: Acquisition method: 10.1002/rcm.8541
CH$NAME: Daptomycin
CH$FORMULA: C72H101N17O26
CH$EXACT_MASS: 1619.7104
CH$SMILES: CCCCCCCCCC(=O)N[C@@H](CC1=CNC2=CC=CC=C21)C(=O)N[C@H](CC(=O)N)C(=O)N[C@@H](CC(=O)O)C(=O)N[C@H]3[C@H](OC(=O)[C@@H](NC(=O)[C@@H](NC(=O)[C@H](NC(=O)CNC(=O)[C@@H](NC(=O)[C@H](NC(=O)[C@@H](NC(=O)[C@@H](NC(=O)CNC3=O)CCCN)CC(=O)O)C)CC(=O)O)CO)[C@H](C)CC(=O)O)CC(=O)C4=CC=CC=C4N)C
CH$IUPAC: InChI=1S/C72H101N17O26/c1-5-6-7-8-9-10-11-22-53(93)81-44(25-38-31-76-42-20-15-13-17-39(38)42)66(108)84-45(27-52(75)92)67(109)86-48(30-59(102)103)68(110)89-61-37(4)115-72(114)49(26-51(91)40-18-12-14-19-41(40)74)87-71(113)60(35(2)24-56(96)97)88-69(111)50(34-90)82-55(95)32-77-63(105)46(28-57(98)99)83-62(104)36(3)79-65(107)47(29-58(100)101)85-64(106)43(21-16-23-73)80-54(94)33-78-70(61)112/h12-15,17-20,31,35-37,43-50,60-61,76,90H,5-11,16,21-30,32-34,73-74H2,1-4H3,(H2,75,92)(H,77,105)(H,78,112)(H,79,107)(H,80,94)(H,81,93)(H,82,95)(H,83,104)(H,84,108)(H,85,106)(H,86,109)(H,87,113)(H,88,111)(H,89,110)(H,96,97)(H,98,99)(H,100,101)(H,102,103)/t35-,36-,37-,43+,44+,45-,46+,47+,48+,49+,50-,60+,61+/m1/s1
CH$LINK: CAS 103060-53-3
CH$LINK: INCHIKEY DOAKLVKFURWEDJ-QCMAZARJSA-N
AC$INSTRUMENT: TripleTOF 6600 SCIEX
AC$INSTRUMENT_TYPE: LC-ESI-QTOF
AC$MASS_SPECTROMETRY: MS_TYPE MS2
AC$MASS_SPECTROMETRY: ION_MODE POSITIVE
AC$MASS_SPECTROMETRY: COLLISION_ENERGY 40
AC$MASS_SPECTROMETRY: FRAGMENTATION_MODE CID
AC$MASS_SPECTROMETRY: IONIZATION ESI
AC$CHROMATOGRAPHY: COLUMN_NAME Zorbax Eclipse Plus C18 2.1 mm x 150 mm, 3.5 um, Agilent
AC$CHROMATOGRAPHY: COLUMN_TEMPERATURE 40 °C
AC$CHROMATOGRAPHY: FLOW_GRADIENT 0 min min 98% A, 1 min 98% A, 2 min 80% A, 16.5 min 2% A, 22 min 2% A, 22.1 min 98% A, 27 min 98% A
AC$CHROMATOGRAPHY: FLOW_RATE 0.3 mL/min
AC$CHROMATOGRAPHY: RETENTION_TIME 9.41 min
AC$CHROMATOGRAPHY: SOLVENT A: Water 0.1% Formic acid, B: Acetonitrile 0.1% Formic acid
MS$FOCUSED_ION: PRECURSOR_M/Z 810.8625
MS$FOCUSED_ION: PRECURSOR_TYPE [M+2H]2+
MS$DATA_PROCESSING: COMMENT Export with csl-tools 1.1.0 and CSL_v26.2
PK$SPLASH: splash10-01ox-4918115261-84332369d72f2747af67
PK$NUM_PEAK: 1754
PK$PEAK: m/z int. rel.int.
  44.049 7.0521 0
  60.0435 3.1501 0
  70.0279 18.6933 2
  70.0642 13.1958 1
  71.0845 4.4722 0
  74.0598 2.2963 0
  81.0685 5.8365 0
  84.0429 2.5581 0
  85.1001 5.2675 0
  87.0547 86.0324 10
  88.0386 61.1187 7
  89.0377 3.2909 0
  94.0643 13.335 1
  95.0841 7.3737 0
  98.0225 2.7891 0
  98.0585 19.8667 2
  99.0547 7.8656 0
  113.0691 2.2088 0
  115.056 8.4726 1
  115.0853 103.1817 12
  116.0696 74.5843 8
  117.0605 20.1905 2
  118.0629 9.2112 1
  120.0427 26.3591 3
  125.0685 2.2312 0
  127.0486 11.1489 1
  127.0845 6.5225 0
  129.6591 2.02 0
  130.0642 303.9648 35
  131.0669 14.6045 1
  132.0796 97.0488 11
  133.0815 3.8815 0
  136.0733 23.5422 2
  137.0725 2.3473 0
  137.1301 3.0581 0
  139.0504 2.0769 0
  140.0697 3.9398 0
  141.0646 19.1016 2
  142.0635 26.969 3
  143.0447 4.3357 0
  143.0791 16.982 2
  144.0671 23.1824 2
  145.0594 26.6617 3
  146.0591 105.9939 12
  147.0626 4.9325 0
  150.0531 3.8937 0
  153.0646 2.9165 0
  155.0799 5.567 0
  155.1411 27.389 3
  156.0772 2.6837 0
  157.0579 7.061 0
  158.0585 11.4839 1
  158.0863 10.612 1
  158.595 24.2914 2
  159.0921 4947.1689 584
  159.7169 2.1532 0
  159.7617 6.2803 0
  159.7889 4.6188 0
  159.8216 14.1124 1
  159.8533 5.431 0
  159.8855 3.3322 0
  159.9195 3.4436 0
  159.9855 2.8751 0
  160.0939 196.9536 23
  161.0909 3.9025 0
  162.0761 2.6043 0
  163.0853 55.9855 6
  164.0868 2.6914 0
  167.0438 10.0275 1
  167.0788 2.2803 0
  168.0641 5.6697 0
  169.0745 65.7434 7
  170.059 121.7653 14
  171.0659 9.8665 1
  171.0888 2.369 0
  172.0725 2.0627 0
  172.1069 112.5876 13
  173.0558 13.0156 1
  173.1102 4.0298 0
  174.054 61.244 7
  175.0565 3.0409 0
  182.0921 3.3714 0
  183.0749 3.4185 0
  184.0707 49.4172 5
  185.0546 26.6281 3
  185.0734 5.6317 0
  185.0886 7.5745 0
  186.0559 2.7395 0
  186.0843 3.0711 0
  186.5009 8.3013 0
  187.085 1544.498 182
  188.0716 566.4704 66
  189.0726 27.6319 3
  190.08 2.7312 0
  191.0793 21.9966 2
  192.0647 73.4079 8
  193.0659 4.4498 0
  194.0894 2.2328 0
  195.0378 6.1901 0
  195.0758 7.8928 0
  196.0238 2.2743 0
  196.069 5.134 0
  198.087 3.9669 0
  198.1213 2.9189 0
  199.0697 16.1862 1
  201.0911 2.9446 0
  202.0816 94.2273 11
  203.1005 31.5337 3
  204.1058 4.117 0
  205.0817 2.2127 0
  209.0913 130.8508 15
  210.0915 10.0937 1
  211.0759 8.1948 0
  211.1149 6.6034 0
  211.1789 9.6618 1
  212.0665 46.875 5
  212.1012 10.3679 1
  212.1631 30.2992 3
  213.0538 20.7606 2
  213.0843 53.1754 6
  214.0878 17.1153 2
  215.0666 2.5954 0
  216.0976 2.7058 0
  217.082 3.7389 0
  223.0703 2.2049 0
  224.0681 3.826 0
  224.1637 67.5492 7
  225.1656 5.4207 0
  226.0795 2.8457 0
  227.0657 2.9302 0
  228.0952 6.3571 0
  229.095 8.2622 0
  230.0772 191.5432 22
  231.095 67.3174 7
  232.0936 10.7353 1
  234.0874 2.2684 0
  236.0662 3.9951 0
  237.1332 6.5045 0
  238.0788 5.4592 0
  238.1176 10.3906 1
  239.0739 10.7957 1
  239.109 6.2786 0
  240.0616 2.2526 0
  240.0959 2.4039 0
  241.0808 18.1394 2
  242.0766 27.1745 3
  242.107 13.3042 1
  243.0709 4.7609 0
  243.1064 2.5448 0
  244.0908 16.265 1
  246.1216 3.4978 0
  247.1072 7.8261 0
  248.1224 4.475 0
  249.1027 2.7865 0
  250.0814 2.5566 0
  252.0591 3.2744 0
  252.0943 7.7654 0
  253.0866 2.6144 0
  254.0743 11.4695 1
  255.1441 118.4268 13
  256.093 45.8102 5
  256.1468 6.4108 0
  257.0995 7.5112 0
  258.1093 2.5793 0
  259.0904 4.8317 0
  260.0868 25.6145 3
  261.0881 2.4841 0
  264.0925 2.179 0
  265.127 10.2165 1
  266.076 7.7293 0
  266.1108 5.6766 0
  267.064 4.7689 0
  267.1056 7.2062 0
  268.0917 7.9425 0
  268.2069 3.1926 0
  269.0876 6.5454 0
  269.1223 28.9322 3
  270.1076 86.4351 10
  271.1085 6.4231 0
  272.0877 13.6963 1
  273.1181 6.1244 0
  273.1542 17.9509 2
  274.1101 7.2082 0
  275.0999 3.2462 0
  277.0897 2.0765 0
  278.0757 29.0491 3
  279.061 14.1568 1
  282.1051 3.5985 0
  283.1063 3.9533 0
  283.1397 9.8078 1
  284.0998 82.746 9
  285.1107 21.0313 2
  286.1122 13.2516 1
  287.1342 25.1135 2
  288.081 2.2198 0
  288.1185 37.5359 4
  289.1209 2.3551 0
  291.1081 3.7333 0
  291.1382 3.8857 0
  292.093 2.7174 0
  292.1296 4.3278 0
  293.1238 2.6826 0
  295.1037 45.2804 5
  295.1441 3.173 0
  295.2166 125.682 14
  296.0883 38.7532 4
  296.2029 77.362 9
  297.0806 4.6063 0
  297.1549 4.2221 0
  297.2071 11.4427 1
  298.1096 5.173 0
  299.1327 2.404 0
  301.1292 45.1325 5
  302.0984 92.5282 10
  303.1157 11.639 1
  305.145 5.387 0
  306.107 2.4847 0
  307.1021 4.3008 0
  308.0902 5.1899 0
  308.124 2.0049 0
  308.1943 3.3854 0
  309.0855 2.2092 0
  309.1204 5.8787 0
  310.1033 4.8731 0
  310.1462 10.7075 1
  311.0947 5.0022 0
  311.1344 6.013 0
  312.1225 6.7728 0
  312.2426 36.5577 4
  313.1146 135.6064 16
  313.2242 5044.4312 595
  314.1083 30.7506 3
  314.1377 4.2751 0
  314.2293 751.0319 88
  315.1225 6.1162 0
  315.2326 5.6635 0
  315.4393 2.0348 0
  316.1271 41.1441 4
  317.1273 9.0808 1
  320.1937 2.2385 0
  321.1189 3.2053 0
  322.105 2.0221 0
  322.1939 2.3677 0
  323.0984 4.5691 0
  323.2113 316.5399 37
  324.0799 4.092 0
  324.1265 4.838 0
  324.1647 8.3229 0
  324.2128 35.5655 4
  325.1121 20.803 2
  325.2277 6.1349 0
  326.1039 6.8988 0
  326.1302 2.9767 0
  326.2052 14.9357 1
  327.1293 4.8756 0
  328.1145 11.7597 1
  329.1394 2.9534 0
  330.1375 3.3699 0
  331.1264 52.7165 6
  332.127 6.2688 0
  334.1382 95.0168 11
  335.1023 6.7439 0
  335.1363 16.7427 1
  336.0856 9.0395 1
  337.1498 2.489 0
  338.2065 104.7906 12
  339.096 2.5104 0
  339.1283 5.9764 0
  339.2097 17.9404 2
  340.1508 43.8218 5
  340.2372 2.7102 0
  340.9489 2.2334 0
  341.1062 2.2637 0
  341.1389 3.0509 0
  341.1781 8.0794 0
  341.2228 8462.1855 999
  342.1104 3.8602 0
  342.1474 3.2138 0
  342.2268 974.291 115
  343.1284 5.7216 0
  343.2342 6.2635 0
  343.4497 2.7997 0
  344.1123 11.8151 1
  344.1537 2.1267 0
  345.137 4.5411 0
  346.1225 8.8614 1
  348.1627 6.0463 0
  349.1501 3.6964 0
  350.1048 2.4353 0
  352.1543 62.7347 7
  353.1118 71.9938 8
  353.2177 15.7989 1
  354.116 11.7306 1
  354.2218 2.0611 0
  355.1271 2.835 0
  355.1567 2.003 0
  356.1517 3.1743 0
  357.1021 3.3098 0
  357.14 10.5601 1
  358.1357 3.5484 0
  358.1692 13.3759 1
  358.2487 5.2298 0
  359.1186 82.2974 9
  360.1252 7.1525 0
  362.1442 5.9728 0
  363.132 4.4199 0
  364.119 5.6529 0
  364.1606 2.0617 0
  365.1082 3.9691 0
  366.1405 4.3145 0
  367.121 16.3358 1
  368.1194 6.0138 0
  369.1024 5.9396 0
  369.1469 3.3746 0
  369.1868 2.1838 0
  370.1568 208.1979 24
  371.1257 24.0383 2
  371.1573 17.1693 2
  372.1203 2.6095 0
  372.1495 3.1513 0
  373.1442 3.1759 0
  374.1502 2.3804 0
  375.1152 4.5628 0
  375.1462 6.6298 0
  376.1465 5.4732 0
  377.1371 5.8634 0
  379.1881 2.1311 0
  380.1548 30.6183 3
  381.1358 14.5587 1
  382.1162 31.7238 3
  383.1207 10.9498 1
  384.149 7.8275 0
  385.1361 71.604 8
  386.1347 13.3393 1
  387.1161 2.0442 0
  387.1591 5.7323 0
  388.1743 31.9892 3
  389.1584 10.5483 1
  390.1245 3.7201 0
  391.1564 4.3304 0
  392.1164 8.9731 1
  392.1656 2.0199 0
  393.1313 10.8775 1
  393.2138 2.0853 0
  395.1235 2.1099 0
  395.162 4.8116 0
  396.1551 2.5849 0
  397.136 4.1157 0
  397.1759 2.896 0
  398.1634 25.2978 2
  399.1394 47.1908 5
  400.1436 33.869 3
  401.1319 12.2686 1
  402.1595 5.6508 0
  403.1497 69.1268 8
  404.1528 10.4956 1
  405.1673 6.0902 0
  406.1442 4.0475 0
  406.1766 6.6566 0
  407.1604 8.8502 1
  408.1101 2.5555 0
  408.152 9.7376 1
  409.1442 3.0898 0
  409.1798 2.8003 0
  409.2578 5.1055 0
  410.1313 37.1683 4
  410.2418 12.1796 1
  411.111 4.4323 0
  411.1436 14.6015 1
  412.15 3.5486 0
  412.1759 2.3131 0
  413.1745 3.8912 0
  414.1508 3.553 0
  415.1543 2.6647 0
  416.1674 46.3652 5
  417.1686 10.0581 1
  418.1512 12.6912 1
  419.1603 4.2383 0
  420.1505 6.6766 0
  421.1669 43.335 5
  422.1684 15.2473 1
  423.1607 5.2174 0
  423.2052 10.2954 1
  424.1695 11.6994 1
  425.1657 4.9026 0
  426.1591 7.4821 0
  427.1481 6.0355 0
  427.1901 11.413 1
  428.1442 112.697 13
  429.1472 16.1421 1
  429.1888 5.9089 0
  430.1628 2.3063 0
  431.1659 8.2023 0
  432.1477 11.7125 1
  433.1603 5.945 0
  434.1697 3.1288 0
  435.1533 3.1264 0
  436.1473 3.3719 0
  436.1818 4.6271 0
  437.1779 5.265 0
  437.2511 16.3233 1
  438.1575 28.0927 3
  438.2437 6.9188 0
  439.1791 36.5755 4
  440.1279 2.2812 0
  440.1818 12.4895 1
  441.1405 2.5404 0
  441.2045 18.8179 2
  442.1602 12.9708 1
  443.1551 4.1127 0
  444.1638 2.055 0
  445.1564 2.1417 0
  445.2177 100.8757 11
  446.1531 95.3586 11
  447.1515 10.8557 1
  447.1894 2.88 0
  448.1561 4.4048 0
  448.188 4.0082 0
  449.1741 25.9799 3
  450.1624 28.4511 3
  451.1452 3.4398 0
  451.1853 6.0957 0
  452.1441 2.1107 0
  452.6976 2.1389 0
  453.1631 4.5504 0
  453.8371 3.6744 0
  454.1663 7.1884 0
  454.2802 2.5301 0
  455.1884 22.0149 2
  455.2654 479.7619 56
  456.1754 60.9633 7
  456.268 75.801 8
  457.1674 14.63 1
  457.26 2.3012 0
  458.1623 5.7054 0
  458.1936 2.6913 0
  459.1575 3.3514 0
  459.1841 2.3783 0
  459.2135 5.6142 0
  460.1772 24.1367 2
  461.1823 5.2312 0
  462.167 4.1532 0
  463.1825 3.907 0
  463.2227 8.8175 1
  464.162 13.3803 1
  465.1442 9.0553 1
  465.1752 4.4438 0
  465.6899 2.0269 0
  466.1596 7.695 0
  466.2033 25.0248 2
  466.6927 3.4016 0
  467.1874 77.542 9
  468.1273 2.3375 0
  468.1494 2.7856 0
  468.1777 25.0536 2
  469.1559 6.3862 0
  469.1938 3.3833 0
  470.1598 4.7476 0
  470.6802 2.8145 0
  471.1793 2.5249 0
  472.1725 5.2809 0
  473.1977 95.7957 11
  474.1888 53.7873 6
  475.1866 9.4141 1
  475.6864 3.2765 0
  476.182 6.4047 0
  477.1765 9.0567 1
  478.1922 44.0296 5
  479.1848 11.3884 1
  479.6881 5.4428 0
  480.185 6.5101 0
  480.2974 2.1785 0
  481.1889 11.8326 1
  481.2755 2.5611 0
  482.1594 17.2474 2
  483.1687 9.584 1
  483.2207 4.6665 0
  484.2135 109.3173 12
  485.1967 67.3432 7
  486.1815 18.3794 2
  487.1436 7.9128 0
  488.176 3.7706 0
  488.1954 2.9595 0
  488.6912 3.4917 0
  489.1788 6.8611 0
  489.2215 2.343 0
  490.1567 4.504 0
  490.2062 7.8055 0
  490.7094 2.2735 0
  491.1951 6.4629 0
  491.2239 2.4085 0
  492.1865 9.0033 1
  493.1921 8.6866 1
  494.198 17.3864 2
  494.7076 4.0253 0
  495.1839 20.767 2
  496.2009 66.2895 7
  497.1919 28.2285 3
  497.6974 3.9152 0
  498.19 6.4226 0
  498.6833 2.2119 0
  499.1962 18.6347 2
  500.1638 14.775 1
  501.191 9.7281 1
  502.2225 75.3088 8
  503.2071 22.8353 2
  503.706 11.3753 1
  504.1752 43.0428 5
  505.1787 10.6109 1
  506.1921 6.7251 0
  506.2578 2.115 0
  507.1852 12.6792 1
  507.6879 2.1132 0
  508.1569 3.9925 0
  508.1785 5.8014 0
  508.2081 11.5922 1
  508.7043 4.3636 0
  509.193 5.4207 0
  510.176 2.5797 0
  510.2143 9.4665 1
  510.6848 2.0433 0
  511.2025 10.6898 1
  512.2037 19.8658 2
  513.1906 13.4824 1
  513.7102 2.0589 0
  514.1886 26.2604 3
  515.2065 9.1398 1
  516.1745 3.0765 0
  516.2032 3.922 0
  516.6996 2.4494 0
  517.2114 38.3735 4
  517.7151 8.7834 1
  518.1848 8.7251 1
  519.1976 13.0541 1
  519.6965 2.6838 0
  520.1793 4.0427 0
  520.216 7.5798 0
  521.1968 38.6189 4
  521.6984 2.7659 0
  522.1971 24.7204 2
  522.7089 3.5983 0
  523.1768 8.7542 1
  523.2083 7.6 0
  524.2048 14.835 1
  524.2846 6.0502 0
  525.1967 32.1949 3
  525.2695 3.9305 0
  525.7068 2.1439 0
  526.2078 37.1854 4
  526.7217 3.3398 0
  527.1882 3.2865 0
  527.2176 2.276 0
  527.7096 7.3971 0
  528.2067 10.9241 1
  528.2354 3.2995 0
  528.7009 3.9127 0
  529.1696 2.7501 0
  529.2007 3.2411 0
  529.7024 2.0874 0
  530.2176 38.6395 4
  531.2136 11.9131 1
  532.199 16.3989 1
  532.6942 2.1209 0
  533.1961 9.2462 1
  533.6974 2.1375 0
  534.1937 4.7393 0
  534.2216 2.5896 0
  535.1832 20.0986 2
  535.2219 2.121 0
  535.2503 6.6134 0
  536.1964 15.8652 1
  536.7119 10.7142 1
  537.2051 20.1253 2
  537.7016 3.5552 0
  538.2222 30.1583 3
  538.7211 3.5765 0
  539.2055 25.8336 3
  540.2006 14.4738 1
  540.7072 2.2233 0
  541.2059 8.3958 0
  541.703 5.7349 0
  542.2157 33.8746 3
  542.295 28.5951 3
  542.7023 2.1522 0
  543.2078 57.8977 6
  543.2999 5.4488 0
  544.1688 8.8363 1
  544.1982 13.4712 1
  545.205 7.3614 0
  545.7193 9.81 1
  546.2143 14.815 1
  546.7067 3.6439 0
  547.196 11.5244 1
  547.2391 2.5339 0
  547.7039 2.489 0
  547.7257 8.5958 1
  548.1929 3.6505 0
  548.2183 7.5313 0
  549.2023 5.9044 0
  550.2166 9.6856 1
  551.1721 2.5216 0
  551.2112 8.5374 1
  551.7161 4.8741 0
  552.2134 10.0759 1
  552.2791 25.5016 3
  552.7102 2.3303 0
  553.1908 76.2759 9
  553.257 54.2041 6
  554.2033 32.5816 3
  554.7373 4.0376 0
  555.2215 10.0388 1
  555.2477 6.3206 0
  556.2338 87.1441 10
  556.7176 3.5976 0
  557.2191 26.5004 3
  557.7142 2.7006 0
  558.1967 4.9259 0
  558.7048 2.3828 0
  559.1965 4.4522 0
  559.7208 5.5986 0
  560.2286 53.8813 6
  560.7142 6.2236 0
  561.2136 66.2137 7
  562.2092 13.4009 1
  562.7181 3.3038 0
  563.2198 11.8052 1
  564.205 27.4647 3
  565.1918 12.2264 1
  565.2253 7.0047 0
  565.7253 12.3825 1
  566.2209 19.5424 2
  567.2149 7.231 0
  568.1938 7.3376 0
  568.2426 2.0365 0
  568.7258 2.8996 0
  569.2233 9.0241 1
  569.7283 3.4953 0
  570.2913 401.234 47
  570.7107 4.6572 0
  571.2018 196.5351 23
  571.2958 48.2296 5
  571.7186 4.5773 0
  572.2006 32.238 3
  573.2245 8.0792 0
  573.25 3.1347 0
  574.2424 21.9933 2
  574.7282 30.8853 3
  575.2161 29.1978 3
  575.7132 3.2037 0
  576.1962 4.5632 0
  576.2242 5.0503 0
  576.7128 6.042 0
  577.2097 10.2982 1
  578.2466 92.2496 10
  579.2317 26.2146 3
  579.7198 17.1085 2
  580.2188 10.8541 1
  580.2462 2.9237 0
  580.7329 4.4136 0
  581.2286 58.1466 6
  582.2196 61.7888 7
  582.7307 2.0962 0
  583.2007 10.4463 1
  583.2314 20.9189 2
  583.7327 109.7948 12
  584.2338 43.9401 5
  584.7118 5.2333 0
  585.2094 17.1164 2
  585.7141 11.653 1
  586.213 7.2967 0
  587.2318 6.7008 0
  587.3039 2.0313 0
  587.7282 2.4473 0
  588.2352 36.3965 4
  588.7238 34.8871 4
  589.2117 240.7883 28
  589.7389 3.6039 0
  590.2153 32.6407 3
  591.2291 7.763 0
  591.2664 2.2054 0
  591.7307 2.3139 0
  592.224 12.0833 1
  592.7268 4.1667 0
  593.2206 28.0167 3
  593.7167 13.9714 1
  594.2249 43.6143 5
  594.7227 10.0235 1
  595.2402 24.2707 2
  596.2313 19.8804 2
  596.7195 4.8787 0
  597.2219 11.4924 1
  597.7229 2.226 0
  598.2425 9.7749 1
  599.2391 94.7429 11
  600.2339 40.5579 4
  600.7122 2.641 0
  600.7301 4.4615 0
  601.2208 13.624 1
  601.7351 11.0691 1
  602.2261 8.729 1
  602.7244 18.284 2
  603.2331 17.0812 2
  603.7448 5.8922 0
  604.213 2.5435 0
  605.2295 18.7139 2
  605.7184 10.9484 1
  605.7464 2.6314 0
  606.2375 31.5372 3
  607.2333 16.0825 1
  608.2252 9.1966 1
  608.2849 2.2646 0
  608.7511 3.9664 0
  609.241 23.0695 2
  609.7372 7.0377 0
  609.7704 2.0056 0
  610.2391 15.2673 1
  610.2947 3.5638 0
  611.2281 37.4635 4
  612.1876 2.8173 0
  612.2349 17.9221 2
  613.2563 36.7293 4
  613.7386 8.9147 1
  614.2332 50.1588 5
  614.7239 41.4363 4
  615.2205 13.1113 1
  616.2338 12.7701 1
  617.2505 75.1872 8
  617.7558 11.8018 1
  618.2491 49.3033 5
  618.7496 4.5192 0
  619.2122 4.3636 0
  619.2515 5.8958 0
  620.2272 7.7658 0
  621.2448 10.9795 1
  621.7379 2.8059 0
  622.2334 12.8023 1
  622.7437 61.7116 7
  623.239 161.4105 19
  623.7321 75.0779 8
  624.2343 16.0851 1
  625.2527 12.1066 1
  626.2505 7.4293 0
  626.3143 2.3963 0
  626.7585 19.5606 2
  627.2534 14.0318 1
  628.2358 14.5636 1
  629.2207 15.2935 1
  629.2686 2.9092 0
  629.7357 2.8468 0
  630.2365 10.1916 1
  630.2944 2.062 0
  630.7396 2.0098 0
  631.2651 15.1772 1
  631.7501 457.8136 54
  632.2462 448.4352 52
  632.7432 90.5643 10
  633.2357 5.1688 0
  634.2233 4.4798 0
  634.2935 2.3568 0
  635.2721 28.6636 3
  635.7989 2.0303 0
  636.2354 19.7059 2
  636.2994 33.3298 3
  637.2274 6.5655 0
  637.257 6.0943 0
  637.3006 6.1017 0
  638.192 2.027 0
  638.2396 8.887 1
  638.7232 28.2412 3
  639.239 24.9691 2
  639.7367 2.5284 0
  640.2441 27.3828 3
  640.7559 5091.7319 601
  641.2582 1011.0644 119
  641.7578 4.3801 0
  642.2661 9.0821 1
  642.5242 3.6389 0
  642.5807 2.1657 0
  642.672 6.4423 0
  642.7964 3.3015 0
  643.2537 6.3615 0
  643.2886 3.5182 0
  644.2481 5.0069 0
  644.3079 3.2074 0
  644.7476 2.196 0
  645.2212 4.3277 0
  645.257 5.0144 0
  645.7382 2.3583 0
  646.2405 36.3695 4
  647.2413 13.8357 1
  648.265 7.9465 0
  649.2566 15.6961 1
  650.2262 6.3368 0
  650.2629 6.8741 0
  651.2418 9.8942 1
  651.3134 2.7877 0
  651.8096 3.7619 0
  652.2686 14.748 1
  653.2523 37.9836 4
  653.3282 97.1467 11
  654.2546 24.9424 2
  654.324 26.0125 3
  655.1897 2.7546 0
  655.2417 9.3622 1
  655.3185 3.6139 0
  656.1968 2.2766 0
  656.2421 7.4523 0
  657.2685 31.0344 3
  657.3083 4.3285 0
  658.2455 36.4051 4
  658.7885 13.0396 1
  659.2474 10.9623 1
  659.2883 3.8609 0
  659.31 2.4785 0
  660.3086 7.2281 0
  660.8192 2.9541 0
  661.215 2.0253 0
  661.2411 2.7691 0
  662.2429 6.1964 0
  663.2382 4.6101 0
  663.2686 3.0138 0
  664.2581 39.3914 4
  665.251 11.7871 1
  665.2919 3.2882 0
  665.3251 3.2955 0
  666.2481 6.775 0
  666.3192 2.2452 0
  667.3051 59.0534 6
  667.8104 19.625 2
  668.2441 22.288 2
  669.2444 13.4697 1
  670.2751 35.5492 4
  671.2645 65.3292 7
  671.3454 14.3057 1
  672.2579 21.5958 2
  672.3245 3.6787 0
  673.2186 3.3259 0
  673.2821 5.3353 0
  674.2721 28.6189 3
  675.2745 142.6847 16
  676.2698 42.0281 4
  677.2539 6.131 0
  678.2672 4.4152 0
  678.3024 3.0313 0
  678.7842 2.3996 0
  679.241 3.7762 0
  679.272 5.315 0
  679.3038 2.0529 0
  680.2175 3.8174 0
  680.2516 6.52 0
  681.2569 17.8261 2
  681.3113 3.421 0
  681.819 2.042 0
  682.2715 62.8517 7
  683.274 16.6103 1
  684.2619 6.8476 0
  684.3108 4.1153 0
  685.2744 43.2881 5
  686.2487 40.4207 4
  686.8112 4.1228 0
  687.2613 9.047 1
  687.3062 6.8297 0
  688.2813 19.7909 2
  688.8063 3.9906 0
  689.2781 22.649 2
  689.8043 3.5566 0
  690.2546 11.1582 1
  691.2099 2.1058 0
  691.2374 3.2373 0
  691.3069 6.9751 0
  692.2977 256.727 30
  692.8116 3.0913 0
  693.2345 2.937 0
  693.3064 74.6426 8
  693.7619 3.1119 0
  694.2663 24.797 2
  695.2384 2.9726 0
  695.2794 7.2764 0
  695.8163 6.5126 0
  696.2645 8.1836 0
  696.3024 9.8067 1
  697.2667 14.3308 1
  697.8094 13.2275 1
  698.2593 11.2783 1
  698.3035 16.3413 1
  698.7632 4.8451 0
  698.7961 5.2443 0
  699.2403 5.0621 0
  699.2834 5.0883 0
  699.331 2.263 0
  699.816 2.0483 0
  700.2936 40.8061 4
  700.8213 2.6278 0
  701.2817 12.2656 1
  702.2224 2.4909 0
  702.2783 11.5359 1
  702.7615 2.6351 0
  703.2903 95.6059 11
  704.2638 38.0381 4
  705.2531 4.573 0
  705.2858 2.0992 0
  706.2757 11.0426 1
  706.8148 26.3526 3
  707.2751 38.1623 4
  707.7693 21.5371 2
  708.2636 18.9851 2
  708.8293 6.6218 0
  709.248 7.6987 0
  709.2943 8.0467 0
  709.3243 8.5387 1
  709.8274 3.1814 0
  710.2703 13.4272 1
  710.347 54.1838 6
  710.7913 2.594 0
  711.2718 17.7541 2
  711.3295 10.3986 1
  711.3607 6.072 0
  711.7963 2.5977 0
  712.2876 7.3087 0
  712.8095 4.5544 0
  713.2182 2.2816 0
  713.2877 14.6276 1
  714.2382 5.7784 0
  714.308 28.1505 3
  715.2863 21.2305 2
  715.7828 9.2498 1
  715.8215 6.7615 0
  716.2773 54.1484 6
  716.7782 36.5853 4
  717.2713 18.7558 2
  717.826 8.3997 0
  718.2875 6.0148 0
  718.3144 8.9313 1
  719.2585 3.0914 0
  719.2978 3.4624 0
  719.8102 3.7593 0
  720.2996 22.4144 2
  720.8176 3.5301 0
  721.3047 32.711 3
  721.8121 7.927 0
  722.2554 4.6335 0
  722.2931 12.467 1
  723.2689 6.3963 0
  723.8069 2.0964 0
  724.2861 26.5704 3
  724.7904 53.7681 6
  725.284 117.5378 13
  725.7825 47.7606 5
  726.2305 3.9727 0
  726.2828 13.2543 1
  726.327 2.4898 0
  727.2555 7.1957 0
  727.3176 2.8758 0
  727.3948 2.448 0
  728.2867 25.4122 3
  728.3182 13.1669 1
  728.8132 17.0469 2
  729.2856 19.7158 2
  729.3165 10.5768 1
  729.8464 3.5597 0
  730.2704 5.7784 0
  730.3221 13.3177 1
  730.8302 10.2043 1
  731.2673 5.0685 0
  731.3118 6.3388 0
  732.3245 66.0205 7
  733.2884 26.7995 3
  733.3365 7.5946 0
  733.7944 203.0337 23
  734.2954 109.4087 12
  734.8063 10.1769 1
  735.2686 3.986 0
  735.3114 6.8776 0
  736.2932 5.6384 0
  736.3308 2.004 0
  737.2618 7.1688 0
  737.3289 55.7904 6
  737.8312 31.2569 3
  738.2583 9.0124 1
  738.2887 4.1906 0
  738.3184 2.8803 0
  738.8328 9.7925 1
  739.2657 5.6249 0
  739.3295 20.3647 2
  739.8183 2.2875 0
  740.2553 2.8363 0
  740.2975 5.3442 0
  741.2758 4.3501 0
  741.3113 4.3368 0
  741.8212 2.933 0
  742.3022 70.8085 8
  743.3006 55.2771 6
  743.8235 8.1407 0
  744.2563 8.2101 0
  744.3159 7.5248 0
  744.8325 5.5886 0
  745.3116 11.0102 1
  746.2446 2.3741 0
  746.308 37.592 4
  746.8292 6.7241 0
  747.3003 18.5687 2
  748.287 3.6351 0
  748.8365 2.1938 0
  749.2626 2.9726 0
  749.3262 5.7284 0
  749.8304 2.7181 0
  750.2737 18.0189 2
  750.3082 6.3263 0
  750.3461 5.0054 0
  750.8306 3.2277 0
  751.2831 38.1827 4
  752.2891 9.5809 1
  753.263 3.3216 0
  753.2983 2.9402 0
  753.3466 8.5646 1
  753.8442 6.5552 0
  754.292 17.1784 2
  755.2567 11.3284 1
  755.2891 3.656 0
  755.3235 12.8743 1
  755.8315 16.6536 1
  756.2256 2.3223 0
  756.2609 7.7201 0
  756.3199 11.6569 1
  757.2562 4.1359 0
  757.3026 3.6222 0
  757.3325 2.8998 0
  757.8275 3.2447 0
  758.282 3.4505 0
  758.3297 5.9792 0
  759.3211 13.7013 1
  759.8556 2.1673 0
  760.3104 161.4657 19
  761.2847 77.279 9
  762.2758 17.4551 2
  763.2666 3.3416 0
  763.311 7.5718 0
  764.3304 46.4154 5
  764.8325 21.2391 2
  765.2548 2.7848 0
  765.3082 11.9163 1
  766.2506 2.2425 0
  766.3267 11.448 1
  766.8327 7.8574 0
  767.2983 28.3263 3
  768.2817 45.8505 5
  769.2747 13.1289 1
  769.3182 4.1532 0
  770.3213 8.3079 0
  770.84 4.8589 0
  771.2817 8.6795 1
  771.3199 2.0666 0
  771.3496 4.1353 0
  772.2935 45.3849 5
  773.2889 33.348 3
  773.3491 7.7151 0
  773.8424 6.9911 0
  774.2782 9.7981 1
  774.3303 4.2605 0
  774.8572 3.7186 0
  775.3346 18.3214 2
  775.835 10.7465 1
  776.297 2.6639 0
  776.3348 2.1887 0
  777.2732 4.1276 0
  777.3323 20.7583 2
  778.3126 20.5188 2
  778.8596 2.4764 0
  779.2893 157.2565 18
  779.8422 8.4845 1
  780.2905 46.2839 5
  780.3552 5.6007 0
  781.2895 5.7296 0
  781.3268 3.1396 0
  782.253 2.0969 0
  782.3159 12.4936 1
  782.3686 2.3327 0
  782.8521 4.1483 0
  783.2439 4.387 0
  783.2864 3.1239 0
  783.3128 5.4227 0
  783.8508 16.0868 1
  784.3393 84.808 10
  784.8347 30.8684 3
  785.3099 80.4068 9
  786.2984 31.2061 3
  787.2734 5.8441 0
  787.3127 4.233 0
  787.8634 16.4255 1
  788.2624 2.2528 0
  788.3566 31.4145 3
  788.8556 9.3989 1
  789.3157 40.3086 4
  789.3937 2.9566 0
  790.3022 59.0879 6
  791.2867 29.7965 3
  792.2729 8.0104 0
  792.3142 2.14 0
  792.8549 144.0927 17
  793.3497 385.5436 45
  793.8495 169.1796 19
  794.3366 12.7554 1
  795.2613 3.0882 0
  795.296 3.0072 0
  796.2375 2.3592 0
  796.2809 3.8925 0
  796.3212 5.1268 0
  796.8633 58.5222 6
  797.2962 321.3196 37
  798.2956 72.2071 8
  799.3046 16.4848 1
  799.3572 2.4889 0
  799.8101 8.2371 0
  800.3126 24.9989 2
  801.2955 13.8843 1
  801.3656 2.1283 0
  801.8591 1349.8363 159
  802.3564 1576.5869 186
  802.8519 299.051 35
  803.3226 39.8152 4
  804.3198 19.8154 2
  805.2842 6.289 0
  806.2447 2.382 0
  806.2881 3.4963 0
  806.3215 3.4884 0
  806.415 13.1591 1
  807.3244 53.0506 6
  807.4028 15.0162 1
  808.3083 100.5082 11
  808.3994 2.1017 0
  808.7894 11.1959 1
  808.83 4.0868 0
  809.2319 3.0693 0
  809.3089 21.6802 2
  810.3 7.3177 0
  810.3799 2.464 0
  810.8651 5185.8184 612
  811.3674 2339.6101 276
  811.8499 2.6943 0
  812.3063 8.0491 0
  812.8517 29.5229 3
  812.9178 3.2405 0
  812.9913 4.8919 0
  813.053 3.4089 0
  813.0855 2.1579 0
  813.146 2.5303 0
  813.2104 7.7773 0
  813.2886 4.6446 0
  813.3302 2.931 0
  813.3652 4.2003 0
  813.5133 2.1464 0
  814.3129 9.2469 1
  814.7803 2.1962 0
  815.3217 40.3741 4
  816.3192 18.6109 2
  817.3383 37.0643 4
  818.3264 38.2032 4
  819.3167 13.2317 1
  820.3126 6.3876 0
  821.2889 2.0158 0
  821.3318 6.2005 0
  821.3896 2.018 0
  822.2983 6.4216 0
  823.2919 9.5797 1
  824.3137 20.1469 2
  824.4266 21.906 2
  825.3313 89.9549 10
  825.4562 2.8862 0
  826.324 37.6409 4
  827.3107 14.766 1
  828.3115 5.6995 0
  829.342 24.199 2
  830.2945 7.0433 0
  830.3336 10.7515 1
  831.2943 2.7223 0
  831.3234 2.4248 0
  832.3064 4.014 0
  833.3404 19.9529 2
  834.3123 6.1539 0
  834.3485 4.9375 0
  835.3428 55.1911 6
  836.3333 20.7379 2
  837.3266 10.4025 1
  838.3214 4.0651 0
  839.3184 11.0881 1
  840.2892 4.1472 0
  840.3259 3.9601 0
  841.2949 7.2079 0
  841.3284 2.4597 0
  842.3261 34.9863 4
  842.4328 6.0393 0
  843.3439 146.1308 17
  844.3438 60.7829 7
  845.3058 11.303 1
  845.3615 6.0742 0
  846.3223 4.0844 0
  847.3481 42.6369 5
  848.306 13.3819 1
  848.3459 6.2076 0
  848.3794 4.1303 0
  849.3053 7.811 0
  850.2762 2.0838 0
  850.312 2.0921 0
  850.3565 5.2672 0
  851.3264 4.6086 0
  852.2946 2.4245 0
  852.3242 3.9534 0
  853.3296 20.2585 2
  854.2451 2.1913 0
  854.319 15.3745 1
  855.325 8.9862 1
  856.3016 4.8685 0
  856.3456 3.102 0
  857.3234 14.5362 1
  858.3098 11.3218 1
  859.318 9.1841 1
  860.2968 3.0391 0
  860.3493 35.3196 4
  861.3484 75.6165 8
  862.2683 2.0861 0
  862.3364 37.5333 4
  863.3193 9.682 1
  864.3297 3.6262 0
  865.3535 64.3183 7
  866.3379 30.5967 3
  867.3137 7.453 0
  868.3009 2.5154 0
  868.3489 4.7661 0
  869.3333 13.7683 1
  870.3337 14.9463 1
  871.3392 22.6055 2
  872.3358 15.2974 1
  873.3364 13.6631 1
  874.2992 2.1733 0
  874.3495 7.8485 0
  875.3463 33.6112 3
  876.3237 26.0158 3
  877.3226 10.6709 1
  878.368 47.307 5
  879.3546 30.3012 3
  880.3247 11.9805 1
  880.3703 3.7617 0
  880.4086 3.9514 0
  881.3036 6.1269 0
  881.3386 6.5752 0
  882.3035 3.8659 0
  882.3422 4.6918 0
  882.3755 3.7556 0
  883.3029 7.0519 0
  883.3413 11.9594 1
  883.4042 2.5747 0
  884.3286 12.3125 1
  884.4012 2.3257 0
  885.3338 8.6141 1
  885.4443 2.8597 0
  886.3411 6.3451 0
  886.3798 2.8508 0
  887.2974 3.4544 0
  887.3473 17.1641 2
  888.3305 15.7467 1
  889.3551 18.7849 2
  890.3113 3.586 0
  890.3533 15.2618 1
  891.3251 4.244 0
  891.3626 6.9792 0
  892.3211 3.5229 0
  893.3557 46.6137 5
  894.3423 54.617 6
  895.3344 17.9385 2
  895.4028 2.0901 0
  896.3028 2.7679 0
  896.3591 6.0173 0
  897.3362 14.7075 1
  898.3029 2.7878 0
  898.3453 8.0691 0
  899.3351 10.9155 1
  900.3569 14.7258 1
  900.4053 4.3372 0
  901.3371 26.6226 3
  901.4056 10.2116 1
  902.3268 7.1274 0
  902.3705 4.3483 0
  903.3535 6.2242 0
  903.4269 4.1251 0
  904.2964 2.6535 0
  904.3692 20.8619 2
  904.4421 2.2463 0
  905.353 30.4522 3
  906.31 8.2611 0
  906.3653 6.298 0
  906.4111 2.2044 0
  907.3262 3.7681 0
  908.3469 9.525 1
  909.3159 2.8874 0
  909.3479 5.9316 0
  910.3278 6.7248 0
  910.3873 3.5076 0
  911.3708 196.9636 23
  912.3615 74.5365 8
  913.348 14.3225 1
  914.3624 18.0389 2
  915.3475 19.7477 2
  916.3521 10.7421 1
  917.3406 9.4041 1
  918.3639 9.9837 1
  918.4073 19.7234 2
  919.3467 43.1874 5
  919.4281 5.4343 0
  920.3463 11.924 1
  920.4042 2.1191 0
  921.3467 3.4114 0
  921.3831 2.3056 0
  921.4388 8.0677 0
  922.311 6.4001 0
  922.3829 48.689 5
  923.3581 44.2498 5
  923.432 2.5556 0
  924.3405 13.764 1
  925.34 3.2736 0
  925.4137 2.9812 0
  926.3635 13.0931 1
  927.3472 9.9064 1
  928.362 12.8291 1
  928.4174 2.278 0
  929.3563 38.6967 4
  930.3626 30.4803 3
  931.365 6.5621 0
  931.4012 2.1381 0
  932.3728 48.2251 5
  933.3672 25.0627 2
  934.3598 9.6561 1
  935.3598 5.7195 0
  935.4508 9.9152 1
  936.3794 21.9324 2
  936.4823 2.7777 0
  937.3572 17.9462 2
  937.4191 2.4803 0
  938.3511 10.0187 1
  939.3211 2.9024 0
  939.3608 3.0939 0
  939.4507 16.5506 1
  940.3681 56.8336 6
  940.438 5.9008 0
  940.4791 3.0075 0
  941.2955 3.5968 0
  941.3555 29.9104 3
  942.3028 3.3444 0
  942.3477 4.0018 0
  943.3755 9.2347 1
  944.3763 36.9889 4
  945.325 6.7362 0
  945.3665 15.9163 1
  946.3638 12.1324 1
  947.3544 15.7514 1
  947.3983 7.7398 0
  948.3625 14.8518 1
  949.3035 2.576 0
  949.3547 7.0037 0
  950.3821 150.7321 17
  951.3827 45.6611 5
  952.3587 6.5771 0
  952.3929 2.2141 0
  953.3608 4.632 0
  953.4048 3.2297 0
  954.3389 4.7016 0
  954.374 7.6056 0
  955.2974 2.48 0
  955.3422 4.4394 0
  955.3888 2.4584 0
  956.2715 2.4639 0
  956.364 4.4461 0
  957.3599 12.7782 1
  957.4113 3.7665 0
  957.4609 7.7829 0
  958.3727 120.5483 14
  959.3616 54.4758 6
  960.3528 13.2551 1
  961.3955 33.727 3
  962.3807 67.4974 7
  963.3158 5.1376 0
  963.3782 18.8975 2
  964.3054 2.1254 0
  964.3719 5.1928 0
  965.3467 7.961 0
  965.3934 2.8595 0
  966.3529 6.3154 0
  967.3082 2.1855 0
  967.3525 6.9606 0
  967.3909 2.6703 0
  968.3969 726.9462 85
  969.3088 2.9724 0
  969.3994 182.8281 21
  970.3865 14.1836 1
  971.3451 5.1524 0
  971.3857 8.3666 0
  971.4279 4.8573 0
  972.3597 10.3146 1
  972.4055 6.1316 0
  973.3545 5.7601 0
  974.3787 4.1678 0
  975.3788 29.2031 3
  976.3735 89.0551 10
  977.3703 37.0236 4
  978.3306 5.6847 0
  978.3713 8.2254 0
  978.4382 3.1642 0
  979.4092 150.4155 17
  980.3979 72.6347 8
  981.3851 14.6529 1
  982.3278 3.3729 0
  982.4878 2.4116 0
  983.3707 4.7021 0
  984.3667 9.2042 1
  985.3484 7.9329 0
  985.3987 6.6462 0
  986.3801 18.7821 2
  987.3088 2.3028 0
  987.3911 24.3242 2
  988.4033 30.1696 3
  989.3216 3.1023 0
  989.3502 2.7181 0
  989.3995 19.0472 2
  990.3726 8.6865 1
  990.4103 4.9266 0
  991.3539 7.316 0
  991.4122 3.1807 0
  992.367 2.6382 0
  992.4319 3.0165 0
  992.5014 2.4128 0
  993.3959 83.9935 9
  994.3948 44.5857 5
  995.3212 3.5812 0
  995.3699 18.0813 2
  996.3546 11.498 1
  996.3944 2.4818 0
  997.3981 67.6947 7
  998.392 50.6417 5
  999.3552 8.464 0
  999.3936 4.6515 0
  999.4353 2.692 0
  1000.3621 6.2369 0
  1001.3662 10.8161 1
  1002.3785 15.7178 1
  1003.3978 16.5353 1
  1004.402 25.4383 3
  1005.4155 34.4303 4
  1006.4053 70.0528 8
  1007.4133 23.6603 2
  1008.3663 5.6376 0
  1008.4117 7.1425 0
  1009.3028 2.5023 0
  1009.3503 3.6755 0
  1009.3936 5.8457 0
  1010.385 7.8323 0
  1010.4883 13.6034 1
  1011.3517 4.1122 0
  1011.4047 4.4115 0
  1011.4794 7.2247 0
  1011.5244 2.7127 0
  1012.3373 2.4011 0
  1012.385 7.199 0
  1013.3748 3.5487 0
  1013.4116 2.7644 0
  1014.3901 9.3368 1
  1014.5013 10.8779 1
  1015.4127 343.0844 40
  1016.4073 156.7957 18
  1017.3408 2.8078 0
  1017.3978 19.3305 2
  1018.3838 12.2921 1
  1019.3885 25.4614 3
  1020.3876 15.9975 1
  1021.3663 2.3243 0
  1021.4108 9.2435 1
  1022.3718 2.9898 0
  1022.4144 5.5443 0
  1023.4009 19.1449 2
  1024.3745 10.333 1
  1025.3699 5.7344 0
  1025.4177 2.5244 0
  1026.3263 4.228 0
  1026.3864 8.7959 1
  1026.4323 5.9038 0
  1027.387 20.4061 2
  1028.3929 9.912 1
  1028.5085 6.7225 0
  1029.3989 4.1172 0
  1029.4873 2.6308 0
  1030.1404 5.8153 0
  1030.3468 2.0866 0
  1030.3784 2.0889 0
  1030.4479 2.2422 0
  1031.1447 2.4706 0
  1031.3799 7.0091 0
  1032.4047 15.5251 1
  1032.5138 80.9123 9
  1033.4218 2069.8989 244
  1034.4263 488.5966 57
  1035.4043 22.1167 2
  1036.3988 17.77 2
  1037.386 37.5106 4
  1038.3744 15.4365 1
  1038.4059 9.32 1
  1038.4567 2.8029 0
  1039.3707 10.6687 1
  1040.4076 3.5346 0
  1041.3922 10.0062 1
  1042.3894 7.7876 0
  1043.3389 2.0521 0
  1043.3953 14.3106 1
  1043.4666 2.9729 0
  1044.3535 3.5413 0
  1044.4054 21.7361 2
  1045.349 3.0346 0
  1045.4077 11.8935 1
  1046.4014 6.3697 0
  1047.4233 4.2122 0
  1048.0929 7.1862 0
  1048.161 2.6886 0
  1048.3851 5.1597 0
  1049.0967 2.4875 0
  1049.4017 5.4283 0
  1050.4121 43.1055 5
  1051.4321 2746.0039 324
  1052.438 588.0582 69
  1053.4159 16.5346 1
  1054.4075 55.588 6
  1055.3986 73.5277 8
  1056.3907 30.6493 3
  1057.2605 2.4766 0
  1057.3727 8.8066 1
  1058.4017 11.1541 1
  1058.4419 4.047 0
  1059.402 29.4454 3
  1060.4025 13.1375 1
  1061.4182 38.2626 4
  1062.4197 29.3979 3
  1062.4946 3.0159 0
  1063.3688 4.7821 0
  1063.4323 6.1031 0
  1064.3484 2.352 0
  1064.4005 5.5746 0
  1064.4766 2.3911 0
  1065.3824 10.6524 1
  1066.3899 3.9521 0
  1066.4347 2.6249 0
  1067.3815 7.0272 0
  1068.3871 6.6978 0
  1068.4259 5.8719 0
  1069.4159 10.7185 1
  1070.4192 2.7515 0
  1071.4248 11.7602 1
  1072.418 127.9033 15
  1073.4106 83.6281 9
  1074.3889 35.2514 4
  1075.3719 11.92 1
  1076.4299 53.9038 6
  1077.4199 53.3339 6
  1078.4105 12.4532 1
  1079.4235 12.9572 1
  1080.3834 5.2955 0
  1080.4243 5.1503 0
  1081.3909 7.2025 0
  1082.401 8.3237 0
  1083.3947 17.6809 2
  1084.3988 11.8405 1
  1084.4523 2.5083 0
  1085.3932 14.2673 1
  1085.4513 2.5325 0
  1086.3992 10.8958 1
  1086.4575 3.4084 0
  1086.5189 2.4783 0
  1087.3995 9.8545 1
  1087.4838 2.4863 0
  1088.4252 2.9274 0
  1089.4375 23.2285 2
  1090.4281 79.6061 9
  1091.4277 54.3914 6
  1092.3267 2.167 0
  1092.3828 34.049 4
  1093.369 7.5277 0
  1093.4263 6.7968 0
  1094.4441 72.9597 8
  1095.3313 2.5022 0
  1095.4281 31.5335 3
  1095.5187 2.0308 0
  1096.3726 3.9283 0
  1096.4098 3.675 0
  1097.3948 3.7464 0
  1097.4637 2.0953 0
  1099.4017 2.4417 0
  1100.4087 8.7047 1
  1101.4083 27.3885 3
  1102.406 32.3843 3
  1103.4045 19.5549 2
  1103.4498 7.2173 0
  1104.359 2.8951 0
  1104.4159 7.4537 0
  1104.4583 6.39 0
  1105.3757 3.4145 0
  1105.4203 5.0951 0
  1105.4702 4.6681 0
  1106.4525 3.9183 0
  1107.4624 48.1713 5
  1108.4634 27.5835 3
  1108.5211 6.2382 0
  1108.5728 2.3747 0
  1109.4069 68.4272 8
  1109.5 2.9673 0
  1110.4075 33.5706 3
  1111.4009 6.7705 0
  1112.4313 23.9546 2
  1112.5073 7.8182 0
  1113.4144 35.5109 4
  1113.5055 6.8706 0
  1114.3969 11.9 1
  1114.455 5.6432 0
  1114.5176 2.1631 0
  1115.3896 3.7183 0
  1115.4264 5.3338 0
  1116.3828 2.1086 0
  1116.4327 2.1134 0
  1118.4464 30.5788 3
  1119.4283 33.9721 4
  1120.355 2.9653 0
  1120.4231 30.4225 3
  1120.467 11.526 1
  1121.3975 7.318 0
  1121.4417 14.258 1
  1122.4161 8.4103 0
  1122.4722 5.8257 0
  1123.4247 6.4917 0
  1124.4127 3.2649 0
  1125.401 2.3361 0
  1125.5195 44.1561 5
  1126.4025 2.7377 0
  1126.5055 27.4704 3
  1127.4221 3.4296 0
  1127.4967 5.8105 0
  1128.4059 11.8095 1
  1129.3967 2.6918 0
  1129.4421 5.2445 0
  1129.4894 5.2352 0
  1129.5343 6.0422 0
  1129.5769 3.3314 0
  1130.4391 96.6335 11
  1130.5381 8.2754 0
  1131.4242 102.3146 12
  1132.4019 18.6054 2
  1132.4554 9.5841 1
  1132.5018 2.5018 0
  1133.3678 2.0112 0
  1133.4103 2.1341 0
  1133.4683 2.7628 0
  1134.3994 4.5443 0
  1134.4598 2.3053 0
  1136.4578 17.3064 2
  1137.4497 35.1275 4
  1137.5532 2.7465 0
  1138.4156 7.9844 0
  1138.4547 13.3945 1
  1138.4913 7.1699 0
  1139.3887 2.3672 0
  1139.4562 10.8033 1
  1140.4182 18.7495 2
  1140.5023 2.3565 0
  1140.5642 4.2058 0
  1141.4149 11.7469 1
  1141.4867 2.8936 0
  1141.5396 2.3007 0
  1142.4148 5.7918 0
  1142.4731 3.2436 0
  1143.4862 9.8537 1
  1143.5378 23.0909 2
  1144.4402 2.9495 0
  1144.5298 12.5704 1
  1145.4275 3.2882 0
  1146.4808 2.5433 0
  1147.4662 15.6968 1
  1147.5181 30.1178 3
  1148.4498 538.8207 63
  1149.4421 298.5796 35
  1150.4331 41.7919 4
  1151.4664 3.2444 0
  1152.4053 12.0726 1
  1152.4868 2.3117 0
  1153.4106 5.6647 0
  1155.4067 2.8419 0
  1156.4219 9.3269 1
  1157.4525 11.0291 1
  1157.554 6.2457 0
  1158.4336 77.8293 9
  1158.5646 5.6391 0
  1159.4302 34.6622 4
  1160.4377 8.0517 0
  1161.4443 5.2202 0
  1162.4296 3.504 0
  1162.7498 14.7024 1
  1163.4755 2.1527 0
  1163.744 2.9887 0
  1163.7808 3.2737 0
  1164.4358 3.6627 0
  1164.5055 9.3522 1
  1164.5612 5.395 0
  1165.4824 64.2181 7
  1165.5737 2.3152 0
  1166.4579 4391.5933 518
  1167.4653 903.9117 106
  1168.4205 6.4548 0
  1168.4645 9.0562 1
  1169.4388 28.4425 3
  1170.4305 39.1635 4
  1171.3821 2.5708 0
  1171.4377 10.6895 1
  1172.4476 2.7474 0
  1173.4574 12.8943 1
  1174.4329 16.0583 1
  1174.4893 4.5398 0
  1175.4608 26.0703 3
  1175.5609 10.2631 1
  1176.4447 257.7149 30
  1177.4489 91.8872 10
  1178.4385 6.8222 0
  1179.4813 4.3517 0
  1181.4604 2.5336 0
  1181.501 2.8811 0
  1182.4313 4.6806 0
  1182.4858 4.3379 0
  1182.5291 5.6392 0
  1182.5643 5.3375 0
  1183.4303 3.1901 0
  1183.5116 17.3858 2
  1184.3967 2.8822 0
  1184.4688 8.758 1
  1184.5159 4.2378 0
  1185.4341 2.4895 0
  1185.4661 2.1971 0
  1186.4376 13.5336 1
  1187.4482 107.0666 12
  1188.4513 46.8089 5
  1189.4066 2.2419 0
  1189.4606 5.508 0
  1190.4962 3.2481 0
  1191.4604 43.9555 5
  1192.4261 18.2825 2
  1192.4702 13.3402 1
  1193.3938 2.1147 0
  1193.4331 5.3377 0
  1193.4711 6.1212 0
  1194.4512 21.4836 2
  1194.5011 4.7069 0
  1195.4578 8.5898 1
  1199.4254 4.7773 0
  1199.4753 9.8855 1
//
