ACCESSION: MSBNK-BAFG-CSL26052935255
RECORD_TITLE: Teicoplanin; LC-ESI-QTOF; MS2; 40 V
DATE: 2026.05.29
AUTHORS: Björn Ehlig; Ole Lessmann; Kevin S. Jewell; Arne Wick
LICENSE: CC BY
COPYRIGHT: Copyright 2026 Federal Institute of Hydrology (Bundesanstalt für Gewässerkunde), Koblenz, Germany
COMMENT: CONFIDENCE Reference Standard (Level 1)
COMMENT: Chromatography method: bfg_nts_rp1
COMMENT: Acquisition method: 10.1002/rcm.8541
CH$NAME: Teicoplanin
CH$FORMULA: C88H97Cl2N9O33
CH$EXACT_MASS: 1877.5566
CH$SMILES: CCCCCCCCCC(=O)N[C@@H]1[C@H]([C@@H]([C@H](O[C@H]1OC2=C3C=C4C=C2OC5=C(C=C(C=C5)[C@H]([C@H]6C(=O)N[C@@H](C7=C(C(=CC(=C7)O)OC8[C@H]([C@H]([C@@H]([C@H](O8)CO)O)O)O)C9=C(C=CC(=C9)[C@H](C(=O)N6)NC(=O)[C@@H]4NC(=O)[C@@H]1C2=CC(=CC(=C2)OC2=C(C=CC(=C2)[C@H](C(=O)N[C@H](CC2=CC(=C(O3)C=C2)Cl)C(=O)N1)N)O)O)O)C(=O)O)O[C@H]1[C@@H]([C@H]([C@@H]([C@H](O1)CO)O)O)NC(=O)C)Cl)CO)O)O
CH$IUPAC: InChI=1S/C88H97Cl2N9O33/c1-3-4-5-6-7-8-9-10-60(108)94-68-74(113)71(110)58(32-101)129-87(68)132-78-55-26-40-27-56(78)126-52-18-14-38(24-47(52)90)77(131-86-67(92-34(2)103)73(112)70(109)57(31-100)128-86)69-84(121)98-66(85(122)123)45-29-42(105)30-54(127-88-76(115)75(114)72(111)59(33-102)130-88)61(45)44-23-37(13-15-49(44)106)63(81(118)99-69)96-83(120)65(40)97-82(119)64-39-21-41(104)28-43(22-39)124-53-25-36(12-16-50(53)107)62(91)80(117)93-48(79(116)95-64)20-35-11-17-51(125-55)46(89)19-35/h11-19,21-30,48,57-59,62-77,86-88,100-102,104-107,109-115H,3-10,20,31-33,91H2,1-2H3,(H,92,103)(H,93,117)(H,94,108)(H,95,116)(H,96,120)(H,97,119)(H,98,121)(H,99,118)(H,122,123)/t48-,57-,58-,59-,62-,63-,64+,65-,66+,67-,68-,69+,70-,71-,72-,73-,74-,75+,76+,77-,86+,87+,88?/m1/s1
CH$LINK: CAS 61036-62-2
CH$LINK: INCHIKEY BJNLLBUOHPVGFT-CAYRISATSA-N
AC$INSTRUMENT: TripleTOF 6600 SCIEX
AC$INSTRUMENT_TYPE: LC-ESI-QTOF
AC$MASS_SPECTROMETRY: MS_TYPE MS2
AC$MASS_SPECTROMETRY: ION_MODE NEGATIVE
AC$MASS_SPECTROMETRY: COLLISION_ENERGY 40
AC$MASS_SPECTROMETRY: FRAGMENTATION_MODE CID
AC$MASS_SPECTROMETRY: IONIZATION ESI
AC$CHROMATOGRAPHY: COLUMN_NAME Zorbax Eclipse Plus C18 2.1 mm x 150 mm, 3.5 um, Agilent
AC$CHROMATOGRAPHY: COLUMN_TEMPERATURE 40 °C
AC$CHROMATOGRAPHY: FLOW_GRADIENT 0 min min 98% A, 1 min 98% A, 2 min 80% A, 16.5 min 2% A, 22 min 2% A, 22.1 min 98% A, 27 min 98% A
AC$CHROMATOGRAPHY: FLOW_RATE 0.3 mL/min
AC$CHROMATOGRAPHY: RETENTION_TIME 7.21 min
AC$CHROMATOGRAPHY: SOLVENT A: Water 0.1% Formic acid, B: Acetonitrile 0.1% Formic acid
MS$FOCUSED_ION: PRECURSOR_M/Z 937.771
MS$FOCUSED_ION: PRECURSOR_TYPE [M-2H]2-
MS$DATA_PROCESSING: COMMENT Export with csl-tools 1.1.0 and CSL_v26.2
PK$SPLASH: splash10-0uyi-0932000000-bf6deafd48c8084fb756
PK$NUM_PEAK: 269
PK$PEAK: m/z int. rel.int.
  69.0684 1.0916 0
  80.0479 1.5118 0
  81.032 4.4905 2
  81.0686 7.6417 3
  83.0476 2.0318 1
  84.043 40.57 21
  95.0838 4.2851 2
  96.0431 91.8828 47
  97.0272 3.9104 2
  97.046 2.2766 1
  98.0257 1.0141 0
  98.059 16.0963 8
  99.0424 7.0562 3
  101.0217 2.207 1
  108.0435 2.7122 1
  109.027 12.2543 6
  114.0528 2.1524 1
  116.0671 1.3031 0
  125.663 3.5019 1
  126.054 676.3488 352
  127.0376 5.734 2
  127.0564 22.623 11
  127.8361 1.0057 0
  137.1302 6.8897 3
  137.6242 2.0267 1
  138.0542 278.0907 144
  139.0569 9.6358 5
  140.0679 1.0319 0
  143.6169 3.7875 1
  144.0647 702.9059 366
  145.0674 21.843 11
  155.1419 2.269 1
  162.0734 15.1698 7
  167.5374 1.1076 0
  168.0644 179.4205 93
  169.0671 7.7632 4
  172.1678 7.8801 4
  185.4937 1.1454 0
  186.0752 236.8974 123
  187.0789 11.2936 5
  203.4476 5.4651 2
  204.0867 1140.7349 594
  205.0888 49.0702 25
  206.0898 1.7182 0
  238.1792 44.4173 23
  239.182 3.0334 1
  240.0618 1.0844 0
  242.0835 4.1942 2
  250.1798 311.0281 162
  251.1833 26.119 13
  252.1936 1.8417 0
  257.0917 1.8595 0
  257.82 1.4169 0
  258.1456 1.0433 0
  259.1044 1.6509 0
  268.1891 1.2853 0
  280.1906 138.7159 72
  281.1949 13.1843 6
  285.0842 2.258 1
  296.1862 1.2649 0
  297.2653 4.5811 2
  298.201 1060.0085 552
  299.2042 102.4507 53
  300.2097 2.5543 1
  303.095 16.394 8
  314.0667 2.0241 1
  314.1977 2.4625 1
  315.2188 9.6269 5
  316.2121 1916.1058 999
  317.214 163.7215 85
  317.2931 1.278 0
  318.2175 2.5033 1
  323.4052 1.0402 0
  329.0759 26.6917 13
  330.0806 1.9871 1
  332.0736 1.0886 0
  342.1071 2.0087 1
  343.0916 1.1716 0
  360.12 4.5081 2
  389.0935 1.141 0
  491.1306 1.0906 0
  734.113 1.1108 0
  744.1035 1.5722 0
  751.1113 1.643 0
  761.1301 1.1252 0
  763.1423 2.1196 1
  764.1415 1.2109 0
  777.1169 1.3346 0
  779.1202 1.1482 0
  779.1409 3.8681 2
  780.1377 1.6666 0
  781.1367 1.0359 0
  789.1127 4.5987 2
  790.1024 2.062 1
  794.17 1.1395 0
  796.1689 1.6322 0
  805.1073 2.1752 1
  806.1372 4.672 2
  807.1295 2.9038 1
  809.1306 1.6434 0
  815.1076 1.1705 0
  832.1176 15.5805 8
  833.1133 3.2197 1
  833.1623 1.5258 0
  834.109 2.7269 1
  835.1444 1.0326 0
  850.128 1.8831 0
  957.1803 1.668 0
  958.1537 1.0648 0
  973.181 1.1191 0
  983.1423 1.4946 0
  984.1274 1.9842 1
  985.1624 1.5424 0
  1001.1813 2.8632 1
  1003.1796 1.6231 0
  1012.1498 1.0296 0
  1018.1663 1.7539 0
  1018.1987 1.2051 0
  1020.2014 2.4799 1
  1028.1798 1.3011 0
  1029.1521 3.5469 1
  1029.1797 1.3152 0
  1029.2192 1.0878 0
  1030.1803 3.4609 1
  1031.1724 1.1474 0
  1031.2028 1.3097 0
  1035.2019 1.9673 1
  1046.1826 4.5298 2
  1047.1943 3.4303 1
  1047.2321 2.583 1
  1048.1711 1.9978 1
  1048.2129 1.6091 0
  1052.1725 1.972 1
  1057.1383 1.9401 1
  1057.1714 2.1684 1
  1058.1794 3.2632 1
  1061.1959 1.7174 0
  1062.1666 3.6217 1
  1063.1252 1.0506 0
  1063.2113 9.0049 4
  1064.1322 1.0557 0
  1064.1747 2.5694 1
  1064.2374 3.6161 1
  1065.1975 2.3393 1
  1073.1151 1.0601 0
  1073.1819 5.0755 2
  1074.1796 17.8724 9
  1075.186 8.3465 4
  1076.1602 1.6742 0
  1076.1981 1.9644 1
  1079.1411 2.0294 1
  1079.1881 1.6881 0
  1079.2161 3.7614 1
  1080.1968 7.8815 4
  1080.2725 1.2275 0
  1081.1638 1.6204 0
  1081.1873 2.2436 1
  1081.2256 5.9093 3
  1082.1949 4.3347 2
  1083.1752 1.3978 0
  1084.134 1.5741 0
  1090.1206 2.1926 1
  1090.1892 18.0283 9
  1090.2401 2.552 1
  1091.1971 23.8132 12
  1092.1681 6.5028 3
  1092.2197 10.6281 5
  1093.1821 2.9965 1
  1093.2379 2.089 1
  1096.196 1.9593 1
  1097.2157 22.8021 11
  1098.1821 2.3194 1
  1098.2261 3.5175 1
  1098.2598 1.3633 0
  1099.2129 1.7642 0
  1101.1581 4.5472 2
  1101.2043 1.8031 0
  1102.1464 1.8691 0
  1102.1919 1.6198 0
  1107.2058 60.0416 31
  1108.1627 8.3333 4
  1108.203 35.3112 18
  1108.2954 1.1218 0
  1109.2191 58.2515 30
  1110.2228 17.6201 9
  1111.1982 1.4251 0
  1111.2327 3.0328 1
  1117.1565 1.7128 0
  1117.1952 4.545 2
  1118.1654 43.8029 22
  1119.1749 23.83 12
  1120.1859 8.0565 4
  1120.2349 1.9925 1
  1121.1771 1.0742 0
  1121.6063 1.4858 0
  1121.6576 1.3636 0
  1124.1989 3.8437 2
  1124.2466 4.3451 2
  1125.2139 227.646 118
  1125.3416 1.194 0
  1126.2175 91.6262 47
  1127.2222 22.8242 11
  1128.1716 1.8297 0
  1128.2129 1.7119 0
  1129.1724 2.2646 1
  1131.568 1.3201 0
  1135.1978 232.873 121
  1136.1954 136.6685 71
  1137.1976 45.7577 23
  1138.1908 7.2329 3
  1142.2375 25.2155 13
  1143.2333 6.4419 3
  1143.2606 3.9711 2
  1143.303 1.2082 0
  1144.2323 2.7902 1
  1145.1993 1.2686 0
  1145.2377 1.5608 0
  1146.1665 11.6336 6
  1147.1174 1.9021 0
  1147.1652 3.362 1
  1149.484 1.4994 0
  1149.5483 3.6535 1
  1149.5989 1.1068 0
  1150.5437 1.6882 0
  1150.5815 1.1001 0
  1150.6053 1.7359 0
  1151.4934 1.6008 0
  1152.2192 37.4258 19
  1153.2068 1617.4863 843
  1154.2128 547.929 285
  1155.2072 155.6686 81
  1156.1842 3.8359 1
  1156.2349 4.6643 2
  1156.382 1.375 0
  1157.1737 1.151 0
  1157.262 1.2609 0
  1157.3895 1.0317 0
  1157.5016 1.5691 0
  1159.5281 1.2622 0
  1163.1915 171.3396 89
  1164.132 4.6801 2
  1164.1931 77.0935 40
  1165.1879 18.5447 9
  1165.2457 2.8325 1
  1165.2783 1.4594 0
  1166.1676 1.7404 0
  1170.2369 212.0822 110
  1171.2378 89.4371 46
  1172.1956 6.2706 3
  1172.2351 16.1612 8
  1173.2456 1.6255 0
  1177.4314 4.4082 2
  1177.4877 1.7609 0
  1178.4487 1.8797 0
  1178.4833 1.0507 0
  1180.1697 2.7034 1
  1180.218 6.2028 3
  1180.2585 3.3137 1
  1181.2058 1406.4307 733
  1182.2124 483.9433 252
  1182.9061 1.043 0
  1183.2072 138.598 72
  1184.1752 2.8264 1
  1184.2095 2.8844 1
  1184.2397 2.9448 1
  1195.1731 1.1139 0
  1198.1537 1.9901 1
  1198.234 215.7045 112
  1199.2346 98.4102 51
//
