ACCESSION: MSBNK-BAFG-CSL26052935801
RECORD_TITLE: Prednisolone hemisuccinate; LC-ESI-QTOF; MS2; 70 V
DATE: 2026.05.29
AUTHORS: Björn Ehlig; Ole Lessmann; Kevin S. Jewell; Arne Wick
LICENSE: CC BY
COPYRIGHT: Copyright 2026 Federal Institute of Hydrology (Bundesanstalt für Gewässerkunde), Koblenz, Germany
COMMENT: CONFIDENCE Reference Standard (Level 1)
COMMENT: Chromatography method: bfg_nts_rp1
COMMENT: Acquisition method: 10.1002/rcm.8541
CH$NAME: Prednisolone hemisuccinate
CH$FORMULA: C25H32O8
CH$EXACT_MASS: 460.2097
CH$SMILES: C[C@]12C[C@@H]([C@H]3[C@H]([C@@H]1CC[C@@]2(C(=O)COC(=O)CCC(=O)O)O)CCC4=CC(=O)C=C[C@]34C)O
CH$IUPAC: InChI=1S/C25H32O8/c1-23-9-7-15(26)11-14(23)3-4-16-17-8-10-25(32,24(17,2)12-18(27)22(16)23)19(28)13-33-21(31)6-5-20(29)30/h7,9,11,16-18,22,27,32H,3-6,8,10,12-13H2,1-2H3,(H,29,30)/t16-,17-,18-,22+,23-,24-,25-/m0/s1
CH$LINK: CAS 2920-86-7
CH$LINK: INCHIKEY APGDTXUMTIZLCJ-CGVGKPPMSA-N
AC$INSTRUMENT: TripleTOF 6600 SCIEX
AC$INSTRUMENT_TYPE: LC-ESI-QTOF
AC$MASS_SPECTROMETRY: MS_TYPE MS2
AC$MASS_SPECTROMETRY: ION_MODE POSITIVE
AC$MASS_SPECTROMETRY: COLLISION_ENERGY 70
AC$MASS_SPECTROMETRY: FRAGMENTATION_MODE CID
AC$MASS_SPECTROMETRY: IONIZATION ESI
AC$CHROMATOGRAPHY: COLUMN_NAME Zorbax Eclipse Plus C18 2.1 mm x 150 mm, 3.5 um, Agilent
AC$CHROMATOGRAPHY: COLUMN_TEMPERATURE 40 °C
AC$CHROMATOGRAPHY: FLOW_GRADIENT 0 min min 98% A, 1 min 98% A, 2 min 80% A, 16.5 min 2% A, 22 min 2% A, 22.1 min 98% A, 27 min 98% A
AC$CHROMATOGRAPHY: FLOW_RATE 0.3 mL/min
AC$CHROMATOGRAPHY: RETENTION_TIME 9.489 min
AC$CHROMATOGRAPHY: SOLVENT A: Water 0.1% Formic acid, B: Acetonitrile 0.1% Formic acid
MS$FOCUSED_ION: PRECURSOR_M/Z 461.217
MS$FOCUSED_ION: PRECURSOR_TYPE [M+H]+
MS$DATA_PROCESSING: COMMENT Export with csl-tools 1.1.0 and CSL_v26.2
PK$SPLASH: splash10-00dj-1930000000-008b75888d2855fa05c3
PK$NUM_PEAK: 157
PK$PEAK: m/z int. rel.int.
  41.038 0.9 12
  43.0178 3.9 55
  45.0336 2.7 38
  55.0179 10.7 151
  55.0533 1.1 15
  65.0377 0.7 9
  67.0533 3.2 45
  69.0339 1.2 16
  73.0275 24.1 340
  77.0383 10.7 151
  79.054 7.7 108
  81.0697 3.3 46
  91.0539 34.9 493
  93.0699 9.3 131
  95.0864 2.3 32
  97.0643 1.1 15
  101.0227 29.5 416
  103.0534 3.6 50
  104.0613 0.8 11
  105.0693 20.6 291
  107.0478 3.9 55
  107.0843 6.2 87
  109.065 1.3 18
  115.0534 9.3 131
  116.0616 1.3 18
  117.0696 13.1 185
  119.0848 24.6 347
  121.0643 61.0 861
  123.079 0.9 12
  127.0538 2.7 38
  128.0619 14.6 206
  129.0688 9.9 139
  130.0776 3.3 46
  131.0474 2.8 39
  131.0847 7.8 110
  132.0564 11.3 159
  133.064 2.1 29
  133.1008 2.1 29
  135.0795 7.4 104
  141.0685 6.1 86
  142.0766 6.4 90
  143.0855 9.9 139
  144.0568 3.1 43
  145.0631 12.9 182
  145.0998 7.1 100
  146.0724 2.7 38
  147.0796 70.7 999
  152.0622 1.7 24
  153.0706 5.2 73
  154.0783 2.1 29
  155.0598 1.1 15
  155.0855 9.4 132
  156.0939 1.0 14
  157.0646 3.6 50
  157.1004 2.5 35
  158.072 19.8 279
  159.0802 12.8 180
  159.1194 0.9 12
  161.0942 6.2 87
  163.0803 0.8 11
  165.0684 8.8 124
  166.0765 2.5 35
  167.0854 4.4 62
  169.062 4.0 56
  169.1012 2.4 33
  170.0708 3.4 48
  171.08 43.4 613
  172.0866 1.7 24
  173.0949 16.5 233
  177.0687 0.9 12
  178.0769 7.4 104
  179.0842 11.6 163
  180.0938 2.4 33
  181.064 4.8 67
  181.1023 2.8 39
  182.0716 5.6 79
  183.082 5.2 73
  183.1183 1.0 14
  184.0859 3.2 45
  185.0956 5.1 72
  187.1118 0.8 11
  189.0671 4.4 62
  190.0757 6.6 93
  191.0832 6.2 87
  192.0929 4.4 62
  193.1005 5.7 80
  194.0726 5.0 70
  194.1081 2.4 33
  195.0796 18.6 262
  195.12 1.3 18
  196.089 11.0 155
  197.0967 8.7 122
  198.1028 1.4 19
  199.1114 2.2 31
  202.0782 2.6 36
  203.0859 4.9 69
  204.0927 3.6 50
  205.0999 5.9 83
  206.0685 1.4 19
  206.1083 2.6 36
  207.0814 7.3 103
  207.1152 2.2 31
  208.0881 21.5 303
  209.0964 21.5 303
  210.1049 10.1 142
  211.1114 4.5 63
  215.0883 3.7 52
  216.0939 2.1 29
  217.104 4.0 56
  218.0675 0.8 11
  218.1085 1.1 15
  219.0832 4.2 59
  219.1156 1.8 25
  220.0904 1.9 26
  221.0957 10.2 144
  222.1028 16.4 231
  223.1109 14.5 204
  224.117 4.7 66
  225.1255 1.6 22
  226.1398 0.8 11
  227.0839 1.0 14
  228.0918 1.2 16
  229.1016 2.5 35
  230.1075 1.6 22
  231.0778 2.2 31
  231.1164 3.4 48
  232.0889 2.4 33
  233.0956 6.3 89
  234.1045 4.2 59
  235.1135 6.1 86
  236.1172 3.2 45
  237.0823 0.9 12
  237.1261 5.6 79
  239.1424 2.8 39
  241.0998 2.5 35
  243.1149 0.9 12
  244.0881 3.1 43
  245.0952 5.9 83
  246.1049 2.1 29
  247.1121 3.4 48
  248.1177 3.0 42
  249.0902 0.9 12
  249.1267 3.5 49
  249.1664 0.9 12
  251.1423 7.1 100
  255.1129 1.0 14
  256.1276 1.0 14
  257.1318 1.1 15
  258.1054 1.8 25
  259.1105 12.7 179
  260.1235 1.3 18
  261.1263 1.8 25
  263.1432 1.5 21
  265.1608 2.0 28
  273.1267 5.1 72
  274.1372 1.7 24
  289.1602 0.9 12
//
