ACCESSION: MSBNK-BAFG-CSL26052935254
RECORD_TITLE: Paromomycin; LC-ESI-QTOF; MS2; 40 V
DATE: 2026.05.29
AUTHORS: Björn Ehlig; Ole Lessmann; Kevin S. Jewell; Arne Wick
LICENSE: CC BY
COPYRIGHT: Copyright 2026 Federal Institute of Hydrology (Bundesanstalt für Gewässerkunde), Koblenz, Germany
COMMENT: CONFIDENCE Reference Standard (Level 1)
COMMENT: Chromatography method: bfg_nts_rp1
COMMENT: Acquisition method: 10.1002/rcm.8541
CH$NAME: Paromomycin
CH$FORMULA: C23H45N5O14
CH$EXACT_MASS: 615.2963
CH$SMILES: C1[C@H]([C@@H]([C@H]([C@@H]([C@H]1N)O[C@@H]2[C@@H]([C@H]([C@@H]([C@H](O2)CO)O)O)N)O[C@H]3[C@@H]([C@@H]([C@H](O3)CO)O[C@@H]4[C@@H]([C@H]([C@@H]([C@@H](O4)CN)O)O)N)O)O)N
CH$IUPAC: InChI=1S/C23H45N5O14/c24-2-7-13(32)15(34)10(27)21(37-7)41-19-9(4-30)39-23(17(19)36)42-20-12(31)5(25)1-6(26)18(20)40-22-11(28)16(35)14(33)8(3-29)38-22/h5-23,29-36H,1-4,24-28H2/t5-,6+,7+,8-,9-,10-,11-,12+,13-,14-,15-,16-,17-,18-,19-,20-,21-,22-,23+/m1/s1
CH$LINK: CAS 7542-37-2
CH$LINK: INCHIKEY UOZODPSAJZTQNH-LSWIJEOBSA-N
AC$INSTRUMENT: TripleTOF 6600 SCIEX
AC$INSTRUMENT_TYPE: LC-ESI-QTOF
AC$MASS_SPECTROMETRY: MS_TYPE MS2
AC$MASS_SPECTROMETRY: ION_MODE POSITIVE
AC$MASS_SPECTROMETRY: COLLISION_ENERGY 40
AC$MASS_SPECTROMETRY: FRAGMENTATION_MODE CID
AC$MASS_SPECTROMETRY: IONIZATION ESI
AC$CHROMATOGRAPHY: COLUMN_NAME Zorbax Eclipse Plus C18 2.1 mm x 150 mm, 3.5 um, Agilent
AC$CHROMATOGRAPHY: COLUMN_TEMPERATURE 40 °C
AC$CHROMATOGRAPHY: FLOW_GRADIENT 0 min min 98% A, 1 min 98% A, 2 min 80% A, 16.5 min 2% A, 22 min 2% A, 22.1 min 98% A, 27 min 98% A
AC$CHROMATOGRAPHY: FLOW_RATE 0.3 mL/min
AC$CHROMATOGRAPHY: RETENTION_TIME 1.77 min
AC$CHROMATOGRAPHY: SOLVENT A: Water 0.1% Formic acid, B: Acetonitrile 0.1% Formic acid
MS$FOCUSED_ION: PRECURSOR_M/Z 308.6554
MS$FOCUSED_ION: PRECURSOR_TYPE [M+2H]2+
MS$DATA_PROCESSING: COMMENT Export with csl-tools 1.1.0 and CSL_v26.2
PK$SPLASH: splash10-03e9-6910000000-9c3a48838b3a1d0cac4a
PK$NUM_PEAK: 201
PK$PEAK: m/z int. rel.int.
  30.0333 3.4005 8
  39.0224 2.6158 6
  41.038 12.3822 31
  42.0335 9.2327 23
  43.0171 7.2286 18
  43.0538 1.0677 2
  44.0491 38.5569 98
  45.0329 3.1059 7
  53.0382 4.3507 11
  54.0328 1.2431 3
  55.0169 7.4147 18
  55.0533 3.8581 9
  56.0487 26.2556 66
  57.033 11.4205 29
  58.0275 3.454 8
  58.0641 2.3895 6
  60.0437 71.4678 182
  61.0281 4.0417 10
  61.0458 1.0619 2
  65.0385 1.0168 2
  67.0536 1.7176 4
  68.0485 77.4321 197
  69.0325 43.6622 111
  69.0436 4.9396 12
  70.0276 4.7783 12
  70.064 24.3595 62
  71.0113 5.0697 12
  71.0476 2.7739 7
  71.0602 1.7576 4
  72.0435 128.9422 328
  73.0271 11.3621 28
  73.0462 1.9847 5
  74.0585 4.0379 10
  78.0324 3.6302 9
  80.0486 110.1849 281
  81.0322 20.5268 52
  81.0507 3.2845 8
  82.0276 11.0997 28
  82.0511 2.4901 6
  82.0637 16.8757 43
  83.0122 1.0016 2
  83.0482 3.8787 9
  83.0597 7.7996 19
  83.7838 1.1425 2
  84.0432 172.5462 440
  85.0274 57.3371 146
  85.0461 3.7303 9
  86.0319 1.3081 3
  86.0592 26.1097 66
  87.0433 2.3054 5
  88.0374 5.9109 15
  90.054 3.2216 8
  92.0481 5.1288 13
  94.0646 4.1007 10
  95.0586 5.2338 13
  96.0431 56.1257 143
  96.7302 1.0432 2
  97.0274 87.2701 222
  97.0495 3.332 8
  97.0742 7.7631 19
  98.0308 2.8532 7
  98.0587 85.1077 217
  99.0486 10.5356 26
  100.0383 3.1975 8
  100.0738 1.0457 2
  102.0534 80.2521 204
  103.038 1.8292 4
  103.0566 2.0424 5
  106.0279 1.8779 4
  106.0621 2.8904 7
  107.0584 7.424 18
  108.043 99.4277 253
  109.0274 2.8704 7
  109.0467 4.7341 12
  109.0743 8.7583 22
  110.0585 39.6028 101
  111.0427 4.3919 11
  111.0624 1.598 4
  112.038 2.5747 6
  113.0695 1.6176 4
  114.0534 78.2066 199
  115.0374 9.2956 23
  115.0569 1.8614 4
  116.0677 3.7376 9
  120.0419 1.2383 3
  121.075 2.3938 6
  122.0587 6.78 17
  123.0896 1.275 3
  124.04 1.5856 4
  124.0718 2.4498 6
  125.0694 141.81 361
  126.0535 73.4919 187
  127.0372 10.8952 27
  127.0565 2.1776 5
  127.0839 1.3248 3
  128.0685 17.8239 45
  129.07 1.0655 2
  132.0644 6.1222 15
  133.0487 4.2705 10
  133.073 1.2268 3
  134.058 5.996 15
  135.0571 1.1495 2
  136.0721 1.5485 3
  137.0683 1.5837 4
  138.0532 4.699 11
  139.0861 1.1508 2
  140.0679 3.6656 9
  141.0669 1.0164 2
  143.0786 9.3861 23
  144.0641 98.598 251
  145.0477 1.3519 3
  145.0669 3.4818 8
  145.0957 66.2767 169
  146.0784 20.066 51
  149.0674 1.877 4
  150.0523 3.3975 8
  151.0856 6.2273 15
  152.0691 3.5155 8
  153.0644 1.2828 3
  154.0851 1.0343 2
  155.078 1.1941 3
  156.0664 3.6631 9
  157.0955 2.3633 6
  158.0789 2.5966 6
  160.0766 1.1164 2
  161.0905 130.0976 331
  162.0749 41.5375 105
  162.5975 1.7115 4
  162.8663 4.9309 12
  163.1064 391.6352 999
  164.0683 1.7903 4
  164.1094 22.6413 57
  167.0805 12.3914 31
  168.0671 1.7983 4
  169.0957 13.282 33
  170.0779 5.9077 15
  172.0948 1.6586 4
  173.0916 10.3218 26
  174.0849 1.7635 4
  175.1066 1.9563 4
  180.0627 1.8284 4
  180.8763 4.2107 10
  185.0894 8.3978 21
  186.0726 2.2953 5
  186.097 6.2678 15
  187.1059 51.6319 131
  188.0698 1.3122 3
  188.1062 4.0832 10
  193.0946 1.6193 4
  194.0817 3.2586 8
  197.0918 1.3738 3
  198.075 2.464 6
  199.1066 1.6909 4
  203.1008 37.2533 95
  204.1044 1.728 4
  205.1165 10.5475 26
  206.0816 1.168 2
  210.0739 2.1224 5
  211.1037 7.2795 18
  212.0934 1.5407 3
  221.0909 1.5741 4
  223.1045 5.2553 13
  224.0913 1.3483 3
  227.0983 1.5699 4
  228.0848 2.7999 7
  228.1307 3.3473 8
  229.1186 9.5941 24
  230.1178 1.2907 3
  235.1068 1.0161 2
  239.1015 3.987 10
  240.0872 1.4967 3
  241.1171 32.2318 82
  242.1152 2.6368 6
  253.1162 3.1942 8
  254.939 1.2262 3
  257.1087 10.3298 26
  258.0982 2.5048 6
  259.1271 29.1525 74
  260.1281 2.9585 7
  271.1259 10.5823 26
  272.1273 2.1702 5
  275.1223 3.4454 8
  276.1077 2.4449 6
  277.1372 14.7973 37
  278.1415 1.2773 3
  283.1289 1.988 5
  288.1484 2.7598 7
  289.1384 42.8852 109
  290.1369 3.6004 9
  290.1505 1.0176 2
  293.1302 5.221 13
  295.1461 17.8008 45
  296.1499 1.353 3
  301.1395 2.5058 6
  307.1492 28.4222 72
  308.1482 1.9483 4
  319.1485 4.5825 11
  331.1497 1.1484 2
  403.1732 1.0233 2
  421.1795 1.1223 2
  439.19 1.2858 3
//
