ACCESSION: MSBNK-BAFG-CSL26052935318
RECORD_TITLE: Cefpodoxime proxetil; LC-ESI-QTOF; MS2; 40 V
DATE: 2026.05.29
AUTHORS: Björn Ehlig; Ole Lessmann; Kevin S. Jewell; Arne Wick
LICENSE: CC BY
COPYRIGHT: Copyright 2026 Federal Institute of Hydrology (Bundesanstalt für Gewässerkunde), Koblenz, Germany
COMMENT: CONFIDENCE Reference Standard (Level 1)
COMMENT: Chromatography method: bfg_nts_rp1
COMMENT: Acquisition method: 10.1002/rcm.8541
CH$NAME: Cefpodoxime proxetil
CH$FORMULA: C21H27N5O9S2
CH$EXACT_MASS: 557.125
CH$SMILES: CC(C)OC(=O)OC(C)OC(=O)C1=C(CS[C@H]2N1C(=O)[C@H]2NC(=O)/C(=N\OC)/C3=CSC(=N3)N)COC
CH$IUPAC: InChI=1S/C21H27N5O9S2/c1-9(2)33-21(30)35-10(3)34-19(29)15-11(6-31-4)7-36-18-14(17(28)26(15)18)24-16(27)13(25-32-5)12-8-37-20(22)23-12/h8-10,14,18H,6-7H2,1-5H3,(H2,22,23)(H,24,27)/b25-13-/t10?,14-,18-/m1/s1
CH$LINK: CAS 87239-81-4
CH$LINK: INCHIKEY LTINZAODLRIQIX-FBXRGJNPSA-N
AC$INSTRUMENT: TripleTOF 6600 SCIEX
AC$INSTRUMENT_TYPE: LC-ESI-QTOF
AC$MASS_SPECTROMETRY: MS_TYPE MS2
AC$MASS_SPECTROMETRY: ION_MODE NEGATIVE
AC$MASS_SPECTROMETRY: COLLISION_ENERGY 40
AC$MASS_SPECTROMETRY: FRAGMENTATION_MODE CID
AC$MASS_SPECTROMETRY: IONIZATION ESI
AC$CHROMATOGRAPHY: COLUMN_NAME Zorbax Eclipse Plus C18 2.1 mm x 150 mm, 3.5 um, Agilent
AC$CHROMATOGRAPHY: COLUMN_TEMPERATURE 40 °C
AC$CHROMATOGRAPHY: FLOW_GRADIENT 0 min min 98% A, 1 min 98% A, 2 min 80% A, 16.5 min 2% A, 22 min 2% A, 22.1 min 98% A, 27 min 98% A
AC$CHROMATOGRAPHY: FLOW_RATE 0.3 mL/min
AC$CHROMATOGRAPHY: RETENTION_TIME 10.209 min
AC$CHROMATOGRAPHY: SOLVENT A: Water 0.1% Formic acid, B: Acetonitrile 0.1% Formic acid
MS$FOCUSED_ION: PRECURSOR_M/Z 556.1177
MS$FOCUSED_ION: PRECURSOR_TYPE [M-H]-
MS$DATA_PROCESSING: COMMENT Export with csl-tools 1.1.0 and CSL_v26.2
PK$SPLASH: splash10-0a4i-1982100000-f4153d23214037b2f431
PK$NUM_PEAK: 332
PK$PEAK: m/z int. rel.int.
  41.9985 11.5 181
  43.0187 1.3 20
  57.0347 4.8 75
  57.9755 7.9 124
  59.0501 21.9 345
  65.0144 0.7 11
  65.998 1.9 29
  81.0091 0.7 11
  81.9748 4.4 69
  92.0263 2.5 39
  95.9911 5.7 89
  96.9854 12.7 200
  97.9936 0.7 11
  98.0058 0.8 12
  99.0026 3.6 56
  99.9862 2.4 37
  103.0395 57.8 912
  106.0275 1.6 25
  107.0362 6.4 101
  107.992 0.9 14
  108.0193 4.1 64
  108.9855 1.6 25
  110.0071 3.0 47
  112.0403 1.2 18
  117.0216 1.8 28
  118.0297 1.0 15
  119.038 1.2 18
  120.0217 1.5 23
  121.99 0.7 11
  122.0092 1.6 25
  122.0641 0.9 14
  122.9899 7.1 112
  123.998 40.4 637
  124.9821 0.8 12
  125.0063 1.5 23
  125.9882 1.1 17
  126.012 3.0 47
  128.0184 41.5 654
  130.0301 1.0 15
  131.0362 0.6 9
  132.019 0.8 12
  133.016 1.5 23
  133.0416 1.1 17
  134.0239 9.1 143
  135.0039 1.8 28
  135.0322 9.6 151
  135.9974 3.3 52
  136.994 0.8 12
  137.0081 2.6 41
  138.0022 13.8 217
  138.9977 1.3 20
  139.9951 1.3 20
  141.0013 1.7 26
  142.0098 0.8 12
  142.0333 2.6 41
  143.0196 1.1 17
  145.041 2.7 42
  147.0032 0.9 14
  147.029 5.6 88
  148.0102 0.7 11
  148.0384 4.1 64
  148.9923 1.4 22
  149.0191 0.8 12
  149.0484 1.2 18
  149.9807 1.6 25
  150.0024 3.4 53
  150.0234 0.8 12
  151.0095 6.8 107
  151.9924 10.6 167
  152.018 2.4 37
  153.0009 15.9 250
  154.0105 2.3 36
  154.0365 1.6 25
  157.0219 0.9 14
  159.0249 2.3 36
  162.0107 1.2 18
  163.0081 17.1 269
  163.0513 1.5 23
  163.9943 1.6 25
  164.0167 8.2 129
  164.9878 2.4 37
  165.0137 6.7 105
  165.9954 8.0 126
  166.0231 1.8 28
  167.006 12.3 194
  167.0274 3.1 48
  168.0134 15.3 241
  169.0189 1.0 15
  169.0532 1.4 22
  170.0282 5.3 83
  173.035 9.5 149
  174.0153 1.9 29
  174.0444 1.5 23
  174.9997 1.1 17
  175.0253 6.5 102
  176.0335 3.6 56
  176.9935 1.0 15
  177.0138 0.9 14
  177.9959 2.5 39
  179.0053 5.2 82
  179.0276 0.7 11
  179.9908 2.1 33
  180.0094 14.4 227
  180.0366 4.6 72
  181.0146 2.3 36
  181.0447 1.4 22
  181.9765 3.9 61
  182.0041 1.8 28
  182.029 13.2 208
  183.0362 4.9 77
  184.0175 1.4 22
  186.0119 1.0 15
  187.0241 1.5 23
  188.0326 1.3 20
  188.9981 1.9 29
  190.0065 2.8 44
  190.9972 19.4 306
  191.0478 0.8 12
  192.0038 7.0 110
  192.9834 2.3 36
  193.0091 12.0 189
  193.9959 1.2 18
  194.0193 1.2 18
  195.0317 16.3 257
  196.0323 1.2 18
  196.065 1.4 22
  196.9607 0.8 12
  197.045 1.8 28
  198.0228 1.4 22
  199.031 6.1 96
  200.0273 0.7 11
  200.9918 0.8 12
  201.0247 5.7 89
  202.0083 3.3 52
  202.0351 1.8 28
  203.0158 3.9 61
  203.0365 0.9 14
  204.0066 0.7 11
  204.024 1.6 25
  204.9835 0.7 11
  205.0106 1.8 28
  205.9839 5.3 83
  206.0164 1.3 20
  206.9978 14.7 231
  208.0055 51.2 808
  208.0626 0.6 9
  208.9724 0.9 14
  209.0138 6.5 102
  209.9679 1.1 17
  210.0402 0.6 9
  212.0126 0.7 11
  212.0414 0.6 9
  212.0588 1.0 15
  213.0219 3.2 50
  213.0426 0.7 11
  214.0011 21.1 333
  215.02 1.6 25
  216.0251 1.7 26
  216.9954 0.8 12
  217.0199 1.0 15
  217.9998 2.6 41
  218.0433 1.3 20
  218.9875 19.9 314
  219.9912 2.7 42
  220.0038 2.4 37
  221.0174 1.5 23
  221.0462 0.7 11
  222.0351 1.4 22
  223.0194 11.1 175
  223.0508 2.0 31
  223.9889 0.9 14
  224.0243 4.2 66
  224.0572 2.0 31
  225.0331 3.0 47
  225.0688 0.7 11
  226.0184 1.4 22
  226.0423 0.6 9
  226.0743 1.3 20
  228.0355 4.5 71
  229.0195 9.2 145
  229.0715 1.2 18
  229.987 1.8 28
  230.0294 2.0 31
  231.002 1.1 17
  231.0345 1.2 18
  231.9981 1.4 22
  232.0271 0.9 14
  232.0409 0.7 11
  232.9948 4.4 69
  233.0536 0.7 11
  234.0113 5.2 82
  234.0368 0.8 12
  234.9949 8.3 130
  235.0355 1.0 15
  238.0198 1.6 25
  239.025 27.5 434
  240.0059 0.7 11
  240.0338 4.7 74
  240.0517 2.3 36
  241.0221 3.1 48
  241.0421 1.3 20
  242.0031 1.6 25
  242.022 1.0 15
  242.051 1.8 28
  243.02 2.9 45
  244.032 1.9 29
  244.9992 4.3 67
  245.0468 1.0 15
  245.0622 0.7 11
  245.9808 1.2 18
  246.0153 6.1 96
  246.9805 0.7 11
  247.0236 1.4 22
  247.0416 0.8 12
  247.9915 0.8 12
  248.0481 1.4 22
  250.0316 4.7 74
  251.0154 12.5 197
  252.0219 0.9 14
  252.0564 1.5 23
  254.0139 0.9 14
  254.0748 1.0 15
  255.0225 3.0 47
  255.082 0.9 14
  256.031 19.1 301
  256.0822 2.1 33
  257.0167 3.4 53
  257.0356 5.1 80
  258.0223 2.0 31
  258.0443 3.1 48
  259.0086 0.7 11
  259.0298 1.5 23
  259.9983 2.4 37
  260.0603 0.8 12
  260.9918 3.2 50
  261.0158 0.8 12
  261.046 4.1 64
  262.0165 1.6 25
  263.0067 1.1 17
  264.0202 1.7 26
  265.0041 4.7 74
  266.0149 1.3 20
  267.0072 0.7 11
  268.0314 5.5 86
  269.0129 1.0 15
  269.0327 0.9 14
  270.0201 0.6 9
  270.0393 0.9 14
  270.0559 0.7 11
  271.0183 1.4 22
  271.0501 1.3 20
  272.0207 6.9 108
  272.0632 2.7 42
  272.9898 4.2 66
  273.0136 2.0 31
  273.0445 3.5 55
  273.9945 3.2 50
  274.0351 4.5 71
  274.9979 1.2 18
  275.0234 3.1 48
  275.9906 1.7 26
  276.0187 1.4 22
  278.013 3.6 56
  279.0031 0.7 11
  282.0683 1.1 17
  282.9957 1.0 15
  283.0107 2.1 33
  283.0275 0.9 14
  284.0247 12.9 203
  284.0835 0.7 11
  285.0361 4.2 66
  286.0172 1.1 17
  286.0396 1.7 26
  287.0497 0.8 12
  288.0048 9.4 148
  288.0569 11.8 186
  288.9854 1.3 20
  289.0062 2.1 33
  289.0402 2.4 37
  289.0703 0.7 11
  289.995 0.7 11
  290.0137 1.2 18
  290.0443 0.8 12
  291.0014 1.4 22
  293.0172 3.3 52
  299.027 1.7 26
  300.0025 4.3 67
  300.0198 2.4 37
  300.0593 3.7 58
  301.005 3.0 47
  301.0266 2.8 44
  301.9944 2.1 33
  302.0241 1.8 28
  302.0468 0.6 9
  303.0063 0.8 12
  304.0161 7.8 123
  305.017 2.3 36
  305.0326 1.2 18
  306.0184 5.0 78
  307.0054 0.8 12
  311.0152 2.0 31
  312.0185 4.8 75
  314.0384 1.7 26
  315.0449 1.5 23
  315.9968 3.1 48
  316.0502 9.2 145
  317.0053 8.0 126
  317.0581 2.8 44
  318.0114 5.0 78
  318.0383 0.9 14
  319.0157 1.0 15
  320.0276 3.4 53
  321.0114 0.7 11
  328.0192 1.1 17
  332.0298 4.5 71
  333.0363 3.8 59
  334.0081 8.3 130
  343.0393 1.6 25
  344.0444 6.3 99
  345.0002 5.3 83
  346.0062 3.3 52
  346.0598 1.2 18
  348.0195 2.1 33
  349.0015 1.1 17
  349.0288 6.1 96
  362.0068 3.8 59
  364.0532 2.2 34
  374.0555 1.1 17
  376.0194 8.8 138
  377.0262 25.4 400
  380.0505 8.8 138
  408.0421 63.3 999
//
