ACCESSION: MSBNK-BAFG-CSL26052935309
RECORD_TITLE: Cefpodoxime proxetil; LC-ESI-QTOF; MS2; 70 V
DATE: 2026.05.29
AUTHORS: Björn Ehlig; Ole Lessmann; Kevin S. Jewell; Arne Wick
LICENSE: CC BY
COPYRIGHT: Copyright 2026 Federal Institute of Hydrology (Bundesanstalt für Gewässerkunde), Koblenz, Germany
COMMENT: CONFIDENCE Reference Standard (Level 1)
COMMENT: Chromatography method: bfg_nts_rp1
COMMENT: Acquisition method: 10.1002/rcm.8541
CH$NAME: Cefpodoxime proxetil
CH$FORMULA: C21H27N5O9S2
CH$EXACT_MASS: 557.125
CH$SMILES: CC(C)OC(=O)OC(C)OC(=O)C1=C(CS[C@H]2N1C(=O)[C@H]2NC(=O)/C(=N\OC)/C3=CSC(=N3)N)COC
CH$IUPAC: InChI=1S/C21H27N5O9S2/c1-9(2)33-21(30)35-10(3)34-19(29)15-11(6-31-4)7-36-18-14(17(28)26(15)18)24-16(27)13(25-32-5)12-8-37-20(22)23-12/h8-10,14,18H,6-7H2,1-5H3,(H2,22,23)(H,24,27)/b25-13-/t10?,14-,18-/m1/s1
CH$LINK: CAS 87239-81-4
CH$LINK: INCHIKEY LTINZAODLRIQIX-FBXRGJNPSA-N
AC$INSTRUMENT: TripleTOF 6600 SCIEX
AC$INSTRUMENT_TYPE: LC-ESI-QTOF
AC$MASS_SPECTROMETRY: MS_TYPE MS2
AC$MASS_SPECTROMETRY: ION_MODE NEGATIVE
AC$MASS_SPECTROMETRY: COLLISION_ENERGY 70
AC$MASS_SPECTROMETRY: FRAGMENTATION_MODE CID
AC$MASS_SPECTROMETRY: IONIZATION ESI
AC$CHROMATOGRAPHY: COLUMN_NAME Zorbax Eclipse Plus C18 2.1 mm x 150 mm, 3.5 um, Agilent
AC$CHROMATOGRAPHY: COLUMN_TEMPERATURE 40 °C
AC$CHROMATOGRAPHY: FLOW_GRADIENT 0 min min 98% A, 1 min 98% A, 2 min 80% A, 16.5 min 2% A, 22 min 2% A, 22.1 min 98% A, 27 min 98% A
AC$CHROMATOGRAPHY: FLOW_RATE 0.3 mL/min
AC$CHROMATOGRAPHY: RETENTION_TIME 10.209 min
AC$CHROMATOGRAPHY: SOLVENT A: Water 0.1% Formic acid, B: Acetonitrile 0.1% Formic acid
MS$FOCUSED_ION: PRECURSOR_M/Z 556.1177
MS$FOCUSED_ION: PRECURSOR_TYPE [M-H]-
MS$DATA_PROCESSING: COMMENT Export with csl-tools 1.1.0 and CSL_v26.2
PK$SPLASH: splash10-0adj-4920000000-80afda180f05f085851e
PK$NUM_PEAK: 272
PK$PEAK: m/z int. rel.int.
  32.9809 0.5 10
  41.0036 1.2 25
  41.0154 0.8 16
  41.9984 16.2 339
  43.0187 8.3 173
  50.0038 4.8 100
  56.9797 1.1 23
  57.0342 18.4 385
  57.9756 14.1 295
  59.05 47.7 999
  64.0068 1.4 29
  65.0145 5.8 121
  65.9976 4.2 87
  68.0036 0.6 12
  70.9835 0.9 18
  70.9959 0.7 14
  71.991 0.7 14
  74.0036 1.3 27
  76.0189 1.2 25
  79.0177 0.9 18
  80.0139 1.3 27
  81.0092 0.6 12
  81.9756 15.1 316
  82.9945 0.6 12
  83.9919 1.8 37
  84.9762 0.5 10
  90.0098 3.3 69
  90.0265 0.7 14
  91.029 1.8 37
  92.0257 6.4 134
  93.0101 0.7 14
  93.0325 0.8 16
  95.9914 25.5 534
  96.9864 18.6 389
  97.9937 1.3 27
  98.006 3.7 77
  99.0019 2.4 50
  99.9858 1.0 20
  103.0398 9.0 188
  104.0131 2.8 58
  105.0208 1.0 20
  105.032 0.7 14
  106.0065 0.6 12
  106.0295 3.2 67
  107.0118 0.8 16
  107.0363 9.4 196
  107.9912 4.1 85
  108.0204 2.1 43
  108.9865 4.3 90
  109.9811 0.6 12
  110.008 7.9 165
  110.9914 0.8 16
  111.0019 1.4 29
  111.987 0.8 16
  111.9982 1.0 20
  112.0407 0.8 16
  115.0308 0.9 18
  116.028 1.4 29
  117.0195 4.8 100
  118.0307 2.0 41
  119.032 3.0 62
  119.9931 1.3 27
  120.021 5.0 104
  120.0467 1.2 25
  120.9984 1.9 39
  122.0086 9.4 196
  122.9906 15.5 324
  123.0159 0.5 10
  123.9979 18.0 376
  124.9846 1.2 25
  125.0054 4.7 98
  125.991 2.2 46
  126.0117 2.9 60
  126.9901 1.0 20
  128.0186 31.3 655
  130.0288 1.4 29
  130.0399 0.6 12
  131.0292 2.2 46
  132.0226 0.7 14
  132.0369 1.5 31
  133.0159 2.9 60
  133.042 1.0 20
  134.0248 3.8 79
  135.0017 6.2 129
  135.0323 5.0 104
  135.0563 0.6 12
  135.9974 6.4 134
  136.9797 0.7 14
  136.9946 3.9 81
  137.0091 2.9 60
  138.0027 14.0 293
  138.9969 1.1 23
  140.9995 1.5 31
  142.0102 0.7 14
  142.0435 1.3 27
  143.0341 1.3 27
  144.0296 0.6 12
  145.0175 0.6 12
  145.0397 0.8 16
  145.9936 0.8 16
  146.0129 3.3 69
  147.0031 3.1 64
  147.0297 7.6 159
  148.0005 1.0 20
  148.0154 1.1 23
  148.0392 3.9 81
  148.997 2.8 58
  149.021 0.6 12
  150.0052 5.9 123
  151.0085 4.3 90
  151.9946 4.3 90
  152.0188 2.0 41
  152.9771 0.5 10
  153.0017 8.9 186
  153.9781 0.6 12
  154.0084 2.6 54
  154.0385 1.1 23
  155.0376 0.7 14
  156.0495 0.8 16
  157.0473 0.9 18
  158.0424 1.2 25
  159.0045 0.6 12
  159.0263 4.3 90
  160.0093 0.6 12
  161.017 1.9 39
  161.0394 0.5 10
  162.014 2.1 43
  163.0088 17.2 360
  163.9985 3.4 71
  164.0154 1.9 39
  164.9873 1.4 29
  165.0126 3.9 81
  165.9986 2.6 54
  166.0224 0.8 16
  167.0046 3.8 79
  167.0343 1.9 39
  168.0137 4.3 90
  168.0448 0.6 12
  169.0308 0.9 18
  169.0489 1.4 29
  170.0345 2.2 46
  171.0365 0.7 14
  171.9987 0.6 12
  173.0127 1.2 25
  174.0144 3.9 81
  174.0444 0.5 10
  175.0237 15.3 320
  176.0171 1.3 27
  177.016 1.0 20
  177.9828 0.6 12
  178.0028 1.5 31
  178.9927 2.6 54
  180.0028 3.3 69
  180.0145 1.3 27
  180.0468 0.8 16
  181.0114 1.5 31
  181.0579 0.8 16
  181.9776 1.7 35
  182.0346 1.1 23
  182.0502 0.7 14
  183.0311 0.8 16
  184.0218 0.6 12
  185.0479 0.7 14
  186.0144 3.1 64
  187.016 3.3 69
  188.0028 1.0 20
  188.0278 1.1 23
  188.9903 2.0 41
  189.0224 0.9 18
  190.0075 2.3 48
  190.9952 8.5 178
  191.0291 0.8 16
  191.9906 0.6 12
  192.0036 1.1 23
  192.0132 0.6 12
  192.9836 0.6 12
  193.0052 1.1 23
  193.0171 0.8 16
  193.0314 0.5 10
  194.0475 1.2 25
  195.0258 2.9 60
  195.0541 1.2 25
  196.0401 0.9 18
  196.063 1.2 25
  197.0471 1.7 35
  198.0154 1.0 20
  199.0093 1.4 29
  199.9924 0.5 10
  200.0187 1.7 35
  200.0546 0.6 12
  201.0278 3.5 73
  201.0808 0.5 10
  202.0078 2.8 58
  202.0276 0.6 12
  202.0434 0.7 14
  203.0119 3.0 62
  204.0227 1.3 27
  205.9831 2.6 54
  206.9963 1.9 39
  207.998 2.9 60
  208.0616 0.5 10
  210.0497 0.6 12
  211.9937 0.5 10
  212.0186 1.3 27
  212.0569 1.4 29
  213.0237 2.9 60
  213.0412 1.2 25
  214.013 3.0 62
  215.0118 1.5 31
  216.0075 0.5 10
  216.0244 1.0 20
  217.0152 0.6 12
  217.9884 1.1 23
  218.0078 0.5 10
  218.0412 0.7 14
  218.9886 5.5 115
  221.004 0.6 12
  222.0467 0.5 10
  223.0462 1.4 29
  224.0603 1.3 27
  225.0355 0.5 10
  226.0194 1.5 31
  227.0057 1.0 20
  227.0268 0.9 18
  228.0062 0.5 10
  228.02 0.5 10
  228.0365 1.5 31
  229.02 3.5 73
  229.9867 0.5 10
  230.0042 0.7 14
  230.0303 0.9 18
  230.983 0.6 12
  231.0337 0.7 14
  231.9923 1.3 27
  232.0216 0.6 12
  232.9964 2.9 60
  233.9765 0.9 18
  239.0256 0.6 12
  240.0184 1.0 20
  240.042 2.3 48
  241.0219 1.3 27
  242.0058 0.9 18
  242.0227 1.3 27
  244.0002 0.6 12
  244.0297 1.1 23
  245.0009 1.4 29
  245.0249 0.7 14
  245.9798 0.9 18
  246.0079 0.6 12
  247.0185 0.6 12
  250.037 0.7 14
  251.0517 0.5 10
  254.0111 1.1 23
  255.0206 1.3 27
  256.0321 3.9 81
  256.998 0.5 10
  257.0167 1.4 29
  257.9992 0.5 10
  258.0406 0.7 14
  260.992 0.6 12
  261.0478 0.7 14
  268.0284 1.3 27
  269.015 0.5 10
  269.0284 0.7 14
  272.0177 0.6 12
  273.0024 0.9 18
  273.0307 0.7 14
  273.9835 0.9 18
  284.0256 1.5 31
  288.003 0.9 18
  290.0157 0.6 12
  300.0041 0.9 18
//
