ACCESSION: MSBNK-BAFG-CSL26052935802
RECORD_TITLE: Prednisolone hemisuccinate; LC-ESI-QTOF; MS2; 80 V
DATE: 2026.05.29
AUTHORS: Björn Ehlig; Ole Lessmann; Kevin S. Jewell; Arne Wick
LICENSE: CC BY
COPYRIGHT: Copyright 2026 Federal Institute of Hydrology (Bundesanstalt für Gewässerkunde), Koblenz, Germany
COMMENT: CONFIDENCE Reference Standard (Level 1)
COMMENT: Chromatography method: bfg_nts_rp1
COMMENT: Acquisition method: 10.1002/rcm.8541
CH$NAME: Prednisolone hemisuccinate
CH$FORMULA: C25H32O8
CH$EXACT_MASS: 460.2097
CH$SMILES: C[C@]12C[C@@H]([C@H]3[C@H]([C@@H]1CC[C@@]2(C(=O)COC(=O)CCC(=O)O)O)CCC4=CC(=O)C=C[C@]34C)O
CH$IUPAC: InChI=1S/C25H32O8/c1-23-9-7-15(26)11-14(23)3-4-16-17-8-10-25(32,24(17,2)12-18(27)22(16)23)19(28)13-33-21(31)6-5-20(29)30/h7,9,11,16-18,22,27,32H,3-6,8,10,12-13H2,1-2H3,(H,29,30)/t16-,17-,18-,22+,23-,24-,25-/m0/s1
CH$LINK: CAS 2920-86-7
CH$LINK: INCHIKEY APGDTXUMTIZLCJ-CGVGKPPMSA-N
AC$INSTRUMENT: TripleTOF 6600 SCIEX
AC$INSTRUMENT_TYPE: LC-ESI-QTOF
AC$MASS_SPECTROMETRY: MS_TYPE MS2
AC$MASS_SPECTROMETRY: ION_MODE POSITIVE
AC$MASS_SPECTROMETRY: COLLISION_ENERGY 80
AC$MASS_SPECTROMETRY: FRAGMENTATION_MODE CID
AC$MASS_SPECTROMETRY: IONIZATION ESI
AC$CHROMATOGRAPHY: COLUMN_NAME Zorbax Eclipse Plus C18 2.1 mm x 150 mm, 3.5 um, Agilent
AC$CHROMATOGRAPHY: COLUMN_TEMPERATURE 40 °C
AC$CHROMATOGRAPHY: FLOW_GRADIENT 0 min min 98% A, 1 min 98% A, 2 min 80% A, 16.5 min 2% A, 22 min 2% A, 22.1 min 98% A, 27 min 98% A
AC$CHROMATOGRAPHY: FLOW_RATE 0.3 mL/min
AC$CHROMATOGRAPHY: RETENTION_TIME 9.489 min
AC$CHROMATOGRAPHY: SOLVENT A: Water 0.1% Formic acid, B: Acetonitrile 0.1% Formic acid
MS$FOCUSED_ION: PRECURSOR_M/Z 461.217
MS$FOCUSED_ION: PRECURSOR_TYPE [M+H]+
MS$DATA_PROCESSING: COMMENT Export with csl-tools 1.1.0 and CSL_v26.2
PK$SPLASH: splash10-00fr-2930000000-7e5d2bb970a89a55d8db
PK$NUM_PEAK: 176
PK$PEAK: m/z int. rel.int.
  39.0237 0.4 9
  41.0385 1.0 24
  43.0177 4.4 106
  44.9977 0.7 16
  45.0332 2.6 62
  53.0382 0.5 12
  55.0173 10.8 260
  55.055 0.7 16
  65.0381 2.2 53
  67.0537 2.3 55
  69.0331 0.6 14
  73.0279 19.1 460
  77.0381 20.0 482
  79.0538 9.9 238
  81.0694 3.2 77
  91.0536 41.4 999
  93.0691 7.2 173
  95.0486 0.6 14
  95.0831 1.1 26
  97.064 0.8 19
  101.0218 12.3 296
  102.0484 0.4 9
  103.0533 6.3 152
  104.0605 1.4 33
  105.0446 0.5 12
  105.0693 17.5 422
  107.048 5.1 123
  107.0836 1.8 43
  109.0638 0.9 21
  115.0532 15.2 366
  116.0606 2.6 62
  117.0695 12.6 304
  119.0848 21.1 509
  121.0641 41.3 996
  121.1005 0.5 12
  123.0826 0.7 16
  127.0535 4.7 113
  128.0618 25.8 622
  129.0689 11.8 284
  130.0765 4.6 111
  131.0469 4.1 98
  131.0848 3.0 72
  132.0567 14.2 342
  133.0647 2.1 50
  133.0999 1.2 28
  135.081 2.3 55
  141.0694 10.3 248
  142.0776 4.5 108
  143.085 6.9 166
  144.0548 4.4 106
  145.0639 10.3 248
  145.1013 3.6 86
  146.0712 1.8 43
  147.08 30.3 731
  149.0978 0.5 12
  151.0494 0.6 14
  152.0613 3.9 94
  153.0696 6.8 164
  154.0777 2.6 62
  155.0583 1.1 26
  155.0856 5.0 120
  156.0931 0.8 19
  157.0611 5.0 120
  157.101 1.3 31
  158.0721 17.0 410
  159.0798 6.6 159
  161.094 1.7 41
  165.0691 14.5 349
  166.0766 4.8 115
  167.0854 5.6 135
  168.0572 1.2 28
  168.0974 0.7 16
  169.0647 5.3 127
  169.1014 1.6 38
  170.0712 2.1 50
  171.0787 26.1 629
  172.0904 1.4 33
  173.0968 4.3 103
  176.0643 0.7 16
  177.0688 1.3 31
  178.0759 10.4 250
  179.0855 15.7 378
  180.0946 2.3 55
  181.0634 10.8 260
  181.1003 3.3 79
  182.0706 5.3 127
  182.1132 0.8 19
  183.0803 3.4 82
  184.089 1.3 31
  185.0967 2.0 48
  189.0694 7.5 180
  190.0774 6.4 154
  191.086 9.1 219
  192.0935 4.2 101
  193.0652 0.8 19
  193.1032 5.3 127
  194.0718 8.0 193
  194.1079 1.2 28
  195.0793 16.1 388
  195.1167 1.0 24
  196.0875 5.7 137
  197.0971 3.4 82
  198.1027 0.6 14
  201.0676 0.6 14
  202.0771 5.2 125
  203.086 6.4 154
  204.0931 2.8 67
  205.066 1.2 28
  205.0998 4.3 103
  206.0725 1.4 33
  206.1073 1.2 28
  207.0801 12.9 311
  207.1173 2.1 50
  208.0887 14.0 337
  209.0955 15.6 376
  210.105 2.8 67
  211.1117 2.3 55
  215.0863 4.9 118
  216.0942 2.9 69
  217.1005 2.4 57
  218.0728 1.8 43
  218.1119 0.8 19
  219.0834 3.0 72
  219.1141 1.2 28
  220.0873 1.7 41
  221.0948 9.0 217
  221.1303 0.5 12
  222.1052 6.5 156
  223.1112 6.0 144
  224.1093 0.5 12
  224.12 1.1 26
  226.0787 1.4 33
  227.0908 1.2 28
  228.0927 1.3 31
  229.0996 2.3 55
  230.108 1.2 28
  231.0801 2.7 65
  231.1187 2.1 50
  232.0888 3.5 84
  232.1199 0.5 12
  233.0963 3.8 91
  233.1354 0.5 12
  234.1051 2.7 65
  235.1102 3.3 79
  236.1185 1.4 33
  237.1265 0.9 21
  239.0873 0.7 16
  240.0959 1.2 28
  241.1029 1.8 43
  242.1104 0.6 14
  243.0769 0.8 19
  243.1252 0.6 14
  244.0871 3.5 84
  245.0933 4.7 113
  245.1314 0.5 12
  246.1039 2.0 48
  247.112 2.3 55
  247.1286 0.4 9
  248.1155 0.9 21
  249.1257 1.4 33
  249.1616 0.7 16
  250.1378 0.6 14
  251.1427 1.6 38
  255.1183 1.3 31
  256.1231 1.0 24
  257.0964 1.0 24
  257.1436 0.7 16
  258.1027 2.4 57
  259.1141 5.2 125
  260.118 0.8 19
  261.1283 1.3 31
  263.104 0.4 9
  263.1441 0.6 14
  265.1561 0.6 14
  273.1291 1.4 33
  274.1372 0.4 9
//
