ACCESSION: MSBNK-BAFG-CSL26052935251
RECORD_TITLE: Daptomycin; LC-ESI-QTOF; MS2; 40 V
DATE: 2026.05.29
AUTHORS: Björn Ehlig; Ole Lessmann; Kevin S. Jewell; Arne Wick
LICENSE: CC BY
COPYRIGHT: Copyright 2026 Federal Institute of Hydrology (Bundesanstalt für Gewässerkunde), Koblenz, Germany
COMMENT: CONFIDENCE Reference Standard (Level 1)
COMMENT: Chromatography method: bfg_nts_rp1
COMMENT: Acquisition method: 10.1002/rcm.8541
CH$NAME: Daptomycin
CH$FORMULA: C72H101N17O26
CH$EXACT_MASS: 1619.7104
CH$SMILES: CCCCCCCCCC(=O)N[C@@H](CC1=CNC2=CC=CC=C21)C(=O)N[C@H](CC(=O)N)C(=O)N[C@@H](CC(=O)O)C(=O)N[C@H]3[C@H](OC(=O)[C@@H](NC(=O)[C@@H](NC(=O)[C@H](NC(=O)CNC(=O)[C@@H](NC(=O)[C@H](NC(=O)[C@@H](NC(=O)[C@@H](NC(=O)CNC3=O)CCCN)CC(=O)O)C)CC(=O)O)CO)[C@H](C)CC(=O)O)CC(=O)C4=CC=CC=C4N)C
CH$IUPAC: InChI=1S/C72H101N17O26/c1-5-6-7-8-9-10-11-22-53(93)81-44(25-38-31-76-42-20-15-13-17-39(38)42)66(108)84-45(27-52(75)92)67(109)86-48(30-59(102)103)68(110)89-61-37(4)115-72(114)49(26-51(91)40-18-12-14-19-41(40)74)87-71(113)60(35(2)24-56(96)97)88-69(111)50(34-90)82-55(95)32-77-63(105)46(28-57(98)99)83-62(104)36(3)79-65(107)47(29-58(100)101)85-64(106)43(21-16-23-73)80-54(94)33-78-70(61)112/h12-15,17-20,31,35-37,43-50,60-61,76,90H,5-11,16,21-30,32-34,73-74H2,1-4H3,(H2,75,92)(H,77,105)(H,78,112)(H,79,107)(H,80,94)(H,81,93)(H,82,95)(H,83,104)(H,84,108)(H,85,106)(H,86,109)(H,87,113)(H,88,111)(H,89,110)(H,96,97)(H,98,99)(H,100,101)(H,102,103)/t35-,36-,37-,43+,44+,45-,46+,47+,48+,49+,50-,60+,61+/m1/s1
CH$LINK: CAS 103060-53-3
CH$LINK: INCHIKEY DOAKLVKFURWEDJ-QCMAZARJSA-N
AC$INSTRUMENT: TripleTOF 6600 SCIEX
AC$INSTRUMENT_TYPE: LC-ESI-QTOF
AC$MASS_SPECTROMETRY: MS_TYPE MS2
AC$MASS_SPECTROMETRY: ION_MODE NEGATIVE
AC$MASS_SPECTROMETRY: COLLISION_ENERGY 40
AC$MASS_SPECTROMETRY: FRAGMENTATION_MODE CID
AC$MASS_SPECTROMETRY: IONIZATION ESI
AC$CHROMATOGRAPHY: COLUMN_NAME Zorbax Eclipse Plus C18 2.1 mm x 150 mm, 3.5 um, Agilent
AC$CHROMATOGRAPHY: COLUMN_TEMPERATURE 40 °C
AC$CHROMATOGRAPHY: FLOW_GRADIENT 0 min min 98% A, 1 min 98% A, 2 min 80% A, 16.5 min 2% A, 22 min 2% A, 22.1 min 98% A, 27 min 98% A
AC$CHROMATOGRAPHY: FLOW_RATE 0.3 mL/min
AC$CHROMATOGRAPHY: RETENTION_TIME 9.41 min
AC$CHROMATOGRAPHY: SOLVENT A: Water 0.1% Formic acid, B: Acetonitrile 0.1% Formic acid
MS$FOCUSED_ION: PRECURSOR_M/Z 808.8479
MS$FOCUSED_ION: PRECURSOR_TYPE [M-2H]2-
MS$DATA_PROCESSING: COMMENT Export with csl-tools 1.1.0 and CSL_v26.2
PK$SPLASH: splash10-0a4i-1202210591-eb6149d8977e984e606f
PK$NUM_PEAK: 723
PK$PEAK: m/z int. rel.int.
  41.998 4.6611 0
  95.0235 2.2622 0
  96.0085 71.094 9
  98.0231 3.3832 0
  110.0241 3.8988 0
  113.0347 35.9941 4
  114.0182 3.7988 0
  116.052 2.0259 0
  118.0649 4.7534 0
  123.0557 8.723 1
  124.0399 11.3581 1
  125.0348 14.3423 1
  128.0499 23.4577 3
  131.036 9.0384 1
  136.0403 3.203 0
  137.0713 4.4495 0
  138.0551 2.0414 0
  139.0489 3.6711 0
  141.0652 39.6066 5
  142.0498 120.972 16
  143.0491 5.4858 0
  144.0441 60.3602 8
  145.0477 2.2006 0
  146.0598 131.5305 18
  147.0636 6.2492 0
  149.0366 5.5137 0
  149.0702 5.3104 0
  152.0466 7.0441 0
  152.0794 2.4801 0
  153.032 2.804 0
  153.0658 4.186 0
  154.0132 11.3372 1
  156.0769 8.875 1
  159.0756 6.7163 0
  160.0633 2.5915 0
  167.0459 37.7034 5
  167.0797 15.7345 2
  172.0401 37.3392 5
  175.0521 2.5104 0
  179.0486 4.3151 0
  180.0305 2.9584 0
  181.0614 31.6636 4
  182.0568 22.7042 3
  184.0716 4.7095 0
  185.0566 43.9688 6
  187.1193 5.965 0
  188.0344 4.7224 0
  189.0661 3.0211 0
  189.4498 2.2387 0
  190.0508 371.6723 51
  191.0536 20.6961 2
  193.027 6.2739 0
  193.0611 5.581 0
  195.0771 11.4398 1
  196.0741 4.4429 0
  198.0883 16.2245 2
  199.0734 4.2549 0
  202.0957 8.0152 1
  207.0766 18.9402 2
  210.0513 8.2377 1
  210.0858 4.6946 0
  211.0383 5.5036 0
  211.0715 68.3885 9
  212.075 3.4501 0
  213.0995 12.5221 1
  221.0569 3.1415 0
  222.0522 2.318 0
  223.0354 3.5203 0
  227.1766 238.1122 32
  228.0987 11.609 1
  228.1802 13.7402 1
  229.0845 7.4394 1
  235.0689 4.3718 0
  236.07 3.0717 0
  238.0827 23.9275 3
  239.08 4.5478 0
  240.064 8.3519 1
  241.0443 3.3883 0
  246.1084 3.5592 0
  250.0867 3.6522 0
  252.1474 6.5676 0
  255.1104 21.9687 3
  256.1064 2.2715 0
  264.0639 4.5924 0
  267.1075 4.6074 0
  270.1554 60.4949 8
  271.156 3.6215 0
  273.1196 18.4849 2
  274.1216 2.0502 0
  279.1102 3.6085 0
  280.1396 4.4882 0
  281.102 11.0643 1
  282.0759 2.1504 0
  282.1579 3.1554 0
  285.1194 19.88 2
  286.1031 3.1334 0
  288.1406 11.0649 1
  289.1306 2.9435 0
  291.1116 7.9695 1
  292.0959 11.1406 1
  296.1363 57.917 7
  297.1396 6.5184 0
  298.1536 11.0446 1
  299.1045 3.0533 0
  303.1294 112.8416 15
  304.1327 6.2531 0
  306.1555 65.8663 9
  307.1119 2.1429 0
  307.145 12.076 1
  308.1366 2.1354 0
  309.1194 7.7458 1
  316.1429 12.3976 1
  317.0912 9.5087 1
  321.083 3.5609 0
  321.1165 3.1825 0
  322.0701 5.9335 0
  322.1171 4.1462 0
  323.2071 53.5831 7
  324.1655 176.5214 24
  325.1711 9.4051 1
  329.1115 4.07 0
  332.1289 14.3767 1
  333.1212 4.8532 0
  335.0996 301.9332 41
  336.1034 20.4493 2
  337.1111 3.3768 0
  339.1028 2.1716 0
  340.0854 2.6305 0
  341.219 106.0982 14
  342.1404 4.8003 0
  342.2229 7.3318 1
  347.0986 11.7572 1
  350.1454 176.4681 24
  351.1495 18.613 2
  351.9807 2.0545 0
  352.1621 4.3155 0
  353.1103 294.104 40
  354.1143 21.6901 2
  355.1062 7.8429 1
  356.2342 1454.6915 200
  357.2382 162.5839 22
  360.1642 8.1011 1
  361.1579 4.1515 0
  363.1267 2.773 0
  365.1094 128.7456 17
  366.1136 12.917 1
  366.6344 3.8858 0
  367.1309 2.6268 0
  367.1744 21.048 2
  368.1596 30.9773 4
  371.1226 3.85 0
  373.1869 4.1902 0
  378.17 7.4916 1
  379.091 2.2346 0
  381.1565 2.6683 0
  381.8971 2.4885 0
  382.1388 2.3136 0
  382.2523 10.3674 1
  383.1205 736.6995 101
  384.1216 58.8837 8
  385.1362 3.7305 0
  385.1828 20.4697 2
  386.175 2.2789 0
  389.1157 3.2388 0
  391.0891 2.192 0
  393.1475 3.4449 0
  395.6659 2.0442 0
  398.1317 3.1753 0
  400.1486 4.7967 0
  401.1292 18.3697 2
  403.1747 4.1101 0
  404.1576 10.2934 1
  405.1678 2.8132 0
  406.1361 2.8265 0
  407.1249 6.276 0
  408.118 2.6122 0
  409.1003 4.4994 0
  410.1734 2.2121 0
  411.1565 2.5293 0
  413.6594 3.6292 0
  417.1878 3.2432 0
  419.1235 3.4261 0
  419.2217 6.449 0
  419.6729 7.2851 1
  420.1837 5.4607 0
  421.1882 5.3562 0
  422.1726 2.1087 0
  422.6645 11.4659 1
  423.1665 4.8822 0
  424.1417 2.5112 0
  425.255 5.4313 0
  426.6531 6.1101 0
  428.6673 5.4589 0
  429.1684 2.3689 0
  431.1977 3.8365 0
  431.6704 12.0716 1
  432.1803 3.4148 0
  435.1658 3.1484 0
  435.653 30.5108 4
  436.1572 7.5558 1
  437.1287 36.0719 4
  437.6697 16.5859 2
  438.173 3.1886 0
  438.1938 3.2636 0
  438.2107 8.7624 1
  439.1872 2.5126 0
  440.6743 2.119 0
  441.174 6.0038 0
  444.1629 2.117 0
  444.6646 37.3317 5
  445.162 5.9021 0
  446.18 2.1693 0
  446.675 50.476 6
  447.1674 24.5283 3
  448.1569 2.8681 0
  448.2232 2.0212 0
  450.6635 38.5201 5
  451.1582 10.798 1
  452.2661 57.5714 7
  453.1779 12.1042 1
  453.2505 109.2544 15
  453.6698 4.8294 0
  454.1649 11.2168 1
  454.2517 16.3047 2
  455.6688 8.8888 1
  456.2196 53.8641 7
  457.2233 3.4103 0
  459.1694 2.8489 0
  459.6673 217.3322 29
  460.1674 50.0973 6
  462.1801 3.8346 0
  464.1891 44.788 6
  465.1778 11.9394 1
  466.1533 4.8681 0
  466.209 4.2197 0
  468.1776 19.1622 2
  468.6735 116.5533 16
  468.7726 7.2557 0
  469.1711 27.3658 3
  470.2763 1807.8308 248
  471.1902 40.0976 5
  471.2778 257.0394 35
  472.1679 2.0729 0
  472.1878 3.8241 0
  474.2127 10.4452 1
  475.1968 4.4774 0
  476.1793 11.0029 1
  477.1848 37.601 5
  477.6794 21.9515 3
  478.1737 2.9932 0
  479.1702 2.2465 0
  482.1979 82.1146 11
  483.1957 13.6668 1
  484.2128 3.4261 0
  486.1954 5.6728 0
  486.6863 2.4979 0
  487.173 2.6339 0
  489.1888 4.8938 0
  492.1994 24.1092 3
  492.2278 9.712 1
  493.2022 5.4796 0
  494.1862 96.782 13
  495.1919 13.9931 1
  497.1751 9.3568 1
  498.176 2.2483 0
  500.1852 17.2427 2
  501.1819 2.4374 0
  503.1454 12.3337 1
  503.2456 2.2566 0
  504.1795 2.0711 0
  509.2444 2.0831 0
  510.2242 62.4032 8
  511.2035 3.4695 0
  511.2402 4.3727 0
  512.1796 8.4627 1
  512.2495 8.2171 1
  512.7548 2.6657 0
  515.1985 10.9063 1
  516.6823 4.6209 0
  517.181 2.2206 0
  518.1991 203.0636 27
  519.2005 24.1876 3
  520.1996 4.0586 0
  521.1635 30.1434 4
  522.1633 3.253 0
  524.2002 11.0799 1
  524.2869 2.3467 0
  524.7028 3.195 0
  525.1935 6.7405 0
  525.6934 3.5086 0
  526.169 4.7468 0
  527.2534 4.5422 0
  528.211 13.4874 1
  530.1908 18.6784 2
  531.1863 4.7711 0
  533.167 29.7496 4
  533.7039 3.198 0
  534.1474 2.3654 0
  534.1809 2.1367 0
  535.2242 4.6998 0
  536.2103 363.7297 50
  537.2114 45.5888 6
  539.1727 7.5272 1
  540.1952 3.1407 0
  541.2097 3.0489 0
  542.202 17.0794 2
  542.7021 4.9353 0
  544.16 5.4873 0
  546.1956 23.688 3
  546.6912 5.1307 0
  549.1552 2.0052 0
  549.1884 3.4036 0
  551.1747 159.8116 22
  551.7551 2.9367 0
  552.1735 18.9693 2
  553.2338 35.8188 4
  554.2206 66.0233 9
  555.1969 142.0737 19
  555.698 41.7067 5
  556.1677 17.879 2
  557.1632 2.3164 0
  560.7628 3.8715 0
  561.2559 3.8166 0
  563.7104 11.8449 1
  564.204 211.0487 29
  564.7044 60.9531 8
  566.1879 3.5077 0
  568.2074 6.4639 0
  568.2742 20.7902 2
  569.1833 57.1667 7
  569.2775 3.7584 0
  570.1887 7.6636 1
  571.2462 37.2998 5
  572.2228 12.6325 1
  572.715 51.4658 7
  573.2106 112.0414 15
  573.7092 21.0625 2
  574.1797 93.413 12
  575.1791 16.9379 2
  576.2404 2.5411 0
  579.2059 4.0292 0
  580.7588 16.1368 2
  581.2604 7.4364 1
  581.7225 76.6063 10
  582.2255 26.1116 3
  584.2021 2.4788 0
  585.3112 2.6799 0
  586.212 15.2946 2
  587.2026 8.9899 1
  589.2563 4.1305 0
  589.7621 30.6919 4
  590.2157 6.8078 0
  590.2561 13.6419 1
  591.2176 2.2564 0
  592.1863 21.6297 2
  593.1915 3.2108 0
  593.2321 4.1957 0
  597.2294 2.7619 0
  598.7718 3.8975 0
  603.251 2.1431 0
  604.2194 4.2844 0
  605.1752 3.6678 0
  607.2444 3.2832 0
  608.2403 2.4081 0
  609.201 2.4048 0
  609.263 2.606 0
  611.2372 6.3224 0
  612.2213 3.5606 0
  612.71 5.595 0
  615.232 8.6517 1
  615.2729 5.1453 0
  615.7672 2.9142 0
  616.192 3.884 0
  616.2201 2.3002 0
  618.2646 4.5102 0
  621.2267 8.3614 1
  621.7159 2.8302 0
  621.7432 2.7778 0
  624.2708 16.7637 2
  624.7722 4.5286 0
  629.2502 2.1782 0
  630.2268 4.4691 0
  630.7346 2.3165 0
  632.2419 3.2848 0
  633.2238 8.3728 1
  633.2759 10.5937 1
  633.7791 3.8578 0
  634.2119 29.0309 3
  635.2119 3.9294 0
  642.2785 2.5173 0
  644.2456 2.7742 0
  646.7919 6.5305 0
  647.2194 2.3305 0
  647.2542 4.4076 0
  647.2938 4.7185 0
  650.2567 15.3906 2
  651.236 11.5741 1
  651.3152 19.2728 2
  652.2242 9.2057 1
  652.305 2.4652 0
  662.2421 74.2089 10
  663.2466 13.0 1
  664.2586 4.8739 0
  665.2415 4.5118 0
  667.3115 2.2957 0
  668.2626 13.4156 1
  669.2519 4.6743 0
  671.2927 5.9928 0
  671.7998 4.6086 0
  672.2316 6.3555 0
  672.2845 2.1714 0
  673.2251 13.4271 1
  673.3074 2.5446 0
  674.2359 2.087 0
  680.2685 76.0727 10
  680.8049 19.9845 2
  681.2603 10.0845 1
  682.3079 7.8258 1
  682.8209 2.7771 0
  683.2393 2.8165 0
  683.275 2.5505 0
  685.2894 2.5028 0
  686.2568 6.9253 0
  686.3033 38.063 5
  686.7988 21.2184 2
  687.2848 7.7071 1
  689.3124 18.1425 2
  689.8092 9.7309 1
  690.2465 11.8548 1
  691.2348 21.8294 3
  692.2363 3.2672 0
  693.0702 2.4634 0
  695.3118 417.4395 57
  695.8093 260.7514 35
  696.3115 18.6233 2
  698.2545 16.9781 2
  699.2606 4.3845 0
  700.2819 2.1325 0
  701.2494 3.4873 0
  702.0493 3.1005 0
  704.316 551.9857 76
  704.8174 271.9698 37
  705.3096 10.2963 1
  706.8055 6.5281 0
  706.8223 3.9994 0
  707.3239 3.6498 0
  708.2616 6.8599 0
  708.2968 3.1031 0
  709.2529 12.6357 1
  710.2604 3.8276 0
  712.2241 7.8607 1
  713.3201 103.3644 14
  713.819 52.6315 7
  715.3315 5.0147 0
  715.8221 2.9317 0
  716.2647 21.1802 2
  716.3022 2.9759 0
  717.2664 6.1871 0
  722.3232 3.8072 0
  724.2281 12.2659 1
  726.2629 3.6435 0
  727.2595 2.9247 0
  727.2958 2.3929 0
  728.8148 2.0164 0
  730.2416 12.11 1
  733.3042 3.1954 0
  734.27 18.2398 2
  735.2722 4.9852 0
  739.2985 6.7146 0
  742.2368 98.6953 13
  742.3374 4.6973 0
  742.8369 4.0426 0
  743.248 18.2284 2
  744.2975 5.3201 0
  745.2853 7.0905 0
  748.2536 11.0237 1
  750.8453 18.1136 2
  751.3441 13.8634 1
  751.8368 4.4231 0
  752.2539 2.4702 0
  757.3109 11.5616 1
  759.266 12.1548 1
  759.8521 31.6296 4
  760.2451 81.7441 11
  760.3508 15.1038 2
  761.251 15.4381 2
  762.2976 2.599 0
  765.2739 4.1265 0
  766.2631 4.2807 0
  766.8464 2.1772 0
  767.3329 2.4617 0
  768.8463 10.6391 1
  769.3499 8.6722 1
  775.8365 15.0749 2
  776.3356 9.3745 1
  777.2747 45.8617 6
  777.8483 23.8262 3
  778.2625 36.8846 5
  778.3317 11.862 1
  779.2617 6.6448 0
  779.3159 2.7219 0
  781.8356 45.6565 6
  782.3414 39.995 5
  782.8334 5.6309 0
  783.2963 4.3143 0
  784.8423 23.8111 3
  785.3456 15.1218 2
  786.8574 5.8935 0
  787.3668 4.0438 0
  788.2957 7.5682 1
  788.8019 5.2324 0
  790.8414 992.9649 136
  791.3425 575.3972 79
  791.8358 21.6849 2
  792.3344 5.7321 0
  793.3267 3.1358 0
  793.8529 9.0386 1
  794.3243 2.3325 0
  794.3472 5.2567 0
  795.2813 37.7114 5
  795.4443 5.1633 0
  796.2625 5.0808 0
  796.2889 8.7396 1
  797.2745 20.5581 2
  797.7753 12.8796 1
  799.8465 3968.6106 546
  800.3475 1802.468 248
  800.8467 16.0312 2
  801.7858 2.8046 0
  801.8982 3.5383 0
  802.1767 2.4534 0
  804.3176 4.0254 0
  805.3129 5.9542 0
  806.2515 37.1097 5
  806.4186 4.4932 0
  806.7501 21.7426 2
  808.3869 2.2793 0
  808.8552 7254.5332 999
  809.3547 3057.02 420
  809.8428 3.2881 0
  810.3367 3.457 0
  810.6722 2.1386 0
  810.8353 35.6992 4
  810.9464 15.5582 2
  811.0336 6.873 0
  811.1957 9.0489 1
  811.3605 4.5909 0
  812.3052 3.067 0
  813.1303 2.1979 0
  813.2986 2.7326 0
  813.6611 3.1757 0
  814.2866 2.2355 0
  814.7576 2.0478 0
  821.4295 18.0305 2
  822.3375 33.484 4
  822.4129 50.0856 6
  823.3297 18.5247 2
  823.4256 6.5989 0
  828.3371 2.1032 0
  832.303 4.1961 0
  833.31 3.1956 0
  837.3157 2.4111 0
  838.3079 2.1259 0
  839.4401 120.4732 16
  840.35 99.7845 13
  840.4318 20.8244 2
  841.3358 21.9655 3
  841.3779 7.0146 0
  846.3325 4.3109 0
  846.3593 2.7365 0
  850.3159 2.1104 0
  850.366 2.088 0
  854.2963 5.1478 0
  855.3101 3.3935 0
  857.4501 7.5047 1
  858.3508 27.908 3
  859.3443 11.1964 1
  864.3026 2.1008 0
  866.3448 2.1633 0
  868.3468 2.325 0
  872.3159 38.1978 5
  873.3109 14.7452 2
  875.3247 2.5628 0
  875.4415 2.5297 0
  876.2822 2.0946 0
  876.3467 45.0895 6
  877.3414 11.9243 1
  884.3191 38.1341 5
  885.3086 17.3274 2
  886.292 3.8682 0
  889.3434 2.1876 0
  890.3305 51.1408 7
  891.3343 15.9926 2
  892.3321 2.0822 0
  893.3914 2.352 0
  894.3425 49.2511 6
  895.3536 11.5462 1
  902.3281 381.098 52
  903.3291 123.3469 16
  904.3192 11.3148 1
  907.3589 3.5397 0
  908.3358 12.315 1
  909.3333 3.2895 0
  910.4833 10.9062 1
  911.3994 3.2 0
  911.481 2.3927 0
  912.3654 9.1535 1
  913.3764 3.2565 0
  917.3684 5.0155 0
  918.4611 2.7486 0
  919.3608 16.6252 2
  919.4387 3.7845 0
  920.3397 919.8998 126
  921.3438 212.0136 29
  922.3359 7.4871 1
  925.3367 9.9933 1
  925.3666 4.2686 0
  926.3359 2.3865 0
  930.3566 6.3634 0
  936.4566 13.7072 1
  937.3691 39.4544 5
  937.416 59.4696 8
  938.3503 246.894 33
  939.3496 54.5802 7
  948.3331 2.7951 0
  948.3781 14.1963 1
  949.3716 3.8262 0
  955.3761 37.827 5
  955.465 2.0483 0
  956.366 17.2321 2
  956.4084 3.5668 0
  957.334 2.1111 0
  957.3848 2.0091 0
  963.4934 4.8742 0
  963.5277 2.8653 0
  966.3801 9.3659 1
  967.3747 3.7204 0
  973.3871 4.2093 0
  981.5149 21.1959 2
  982.5004 6.6933 0
  987.3931 3.1763 0
  988.3948 2.3526 0
  989.4859 13.5688 1
  990.4836 10.1072 1
  995.3708 3.5656 0
  1001.3934 2.4324 0
  1007.4963 377.5082 51
  1008.5012 124.2975 17
  1009.4678 4.3558 0
  1013.3953 53.1442 7
  1014.3676 3.9751 0
  1014.3955 10.6511 1
  1016.3807 2.2827 0
  1019.3849 2.3847 0
  1023.3916 3.2022 0
  1025.505 302.4767 41
  1026.5087 95.3213 13
  1030.4963 19.4086 2
  1031.4053 203.8008 28
  1032.4075 62.2631 8
  1035.3584 2.1209 0
  1037.4191 3.1722 0
  1041.3961 2.032 0
  1043.5171 14.8596 2
  1044.5177 6.1527 0
  1049.4178 160.9198 22
  1050.4153 53.2553 7
  1063.3761 6.2423 0
  1064.3773 2.4986 0
  1067.4049 36.8322 5
  1068.4038 9.9443 1
  1075.3854 10.3358 1
  1076.3896 2.1257 0
  1081.3577 4.6351 0
  1081.3938 8.9727 1
  1082.3817 2.03 0
  1084.4335 2.7879 0
  1085.4225 18.1129 2
  1086.41 5.111 0
  1086.4718 2.4665 0
  1087.4877 2.4862 0
  1093.3853 202.0983 27
  1094.386 70.3794 9
  1099.3715 2.5533 0
  1100.42 2.3216 0
  1104.4955 2.6082 0
  1105.4932 56.0805 7
  1106.4952 26.9415 3
  1107.8031 5.0466 0
  1110.406 3.4619 0
  1110.4568 3.4106 0
  1111.399 606.5499 83
  1112.4005 172.44 23
  1117.4528 2.1682 0
  1123.506 104.664 14
  1124.5104 40.6716 5
  1127.5022 3.7855 0
  1128.4238 31.895 4
  1128.504 2.6859 0
  1129.4106 310.514 42
  1130.4115 102.8189 14
  1141.5259 6.0028 0
  1144.5234 3.3485 0
  1146.4355 65.0482 8
  1147.4254 38.6823 5
  1148.4174 9.8985 1
  1161.5295 6.0001 0
  1161.5721 2.28 0
  1162.5089 9.4539 1
  1162.5413 5.0023 0
  1163.5184 6.1944 0
  1164.4531 43.5292 5
  1165.4209 4.2104 0
  1165.4575 10.391 1
  1179.5232 3.057 0
  1179.5743 2.4688 0
  1180.5302 11.4082 1
  1181.5123 3.4142 0
  1181.5574 3.1247 0
  1187.5553 7.3128 1
  1188.5201 2.5362 0
  1198.5518 36.8858 5
  1199.5592 17.0892 2
//
