ACCESSION: MSBNK-MLU-ED035507
RECORD_TITLE: Lyngbyazothrin B; LC-ESI-QFT; MS2; CE: 60%; R=17500; [M+H]+
DATE: 2024.02.23
AUTHORS: E. Janssen [dtc], F. Schanbacher [dtc], T. Niedermeyer [dtc], E. N. Zainuddin [dtc], S. Mundt [dtc], A. Dax [com]
LICENSE: CC BY-SA
COPYRIGHT: Copyright (C) Eawag 2023
COMMENT: CONFIDENCE 2a
COMMENT: CyanoMetDB_ID 355
CH$NAME: Lyngbyazothrin B
CH$NAME: 3-[(3S,12S,19S,28S,31E,34S,37R,40S)-37-[(2S)-butan-2-yl]-31-ethylidene-15-hydroxy-28-[(1R)-1-hydroxyethyl]-34-(hydroxymethyl)-2,8,11,14,18,24,27,30,33,36,39-undecaoxo-25-(2-phenylethyl)-16-(2,4,5-trihydroxy-7-methyloctyl)-1,7,10,13,17,23,26,29,32,35,38-undecazatetracyclo[38.3.0.03,7.019,23]tritetracontan-12-yl]propanamide
CH$COMPOUND_CLASS: Cyanobacterial metabolite
CH$FORMULA: C61H94N12O18
CH$EXACT_MASS: 1282.680904
CH$SMILES: [H]C1=CC=C(CCC2NC([C@@H](NC(/C(NC([C@@H](NC([C@H](NC([C@@H]3CCCN3C([C@H]4N(C(CNC([C@@H](NC(C(O)C(CC(O[H])CC(O)C(O)CC(C)C)NC([C@@H]5CCCN5C2=O)=O)=O)CCC(N)=O)=O)=O)CCC4)=O)=O)[C@@H](C)CC)=O)CO)=O)=C\C)=O)[C@@H](C)O)=O)C=C1
CH$IUPAC: InChI=1S/C61H94N12O18/c1-7-33(5)49-57(87)68-41(31-74)54(84)64-37(8-2)53(83)70-50(34(6)75)58(88)66-39(21-20-35-15-10-9-11-16-35)60(90)72-25-12-17-42(72)55(85)67-40(28-36(76)29-46(78)45(77)27-32(3)4)51(81)59(89)65-38(22-23-47(62)79)52(82)63-30-48(80)71-24-14-19-44(71)61(91)73-26-13-18-43(73)56(86)69-49/h8-11,15-16,32-34,36,38-46,49-51,74-78,81H,7,12-14,17-31H2,1-6H3,(H2,62,79)(H,63,82)(H,64,84)(H,65,89)(H,66,88)(H,67,85)(H,68,87)(H,69,86)(H,70,83)/b37-8+/t33-,34+,36?,38-,39?,40?,41-,42-,43-,44-,45?,46?,49+,50-,51?/m0/s1
CH$LINK: PUBCHEM CID:44254416
CH$LINK: INCHIKEY OCPKVHKLLYWOOG-AZFXQPBMSA-N
CH$LINK: ChemOnt CHEMONTID:0003298; Organic compounds; Organic Polymers; Polypeptides
AC$INSTRUMENT: QExactive Plus
AC$INSTRUMENT_TYPE: LC-ESI-QFT
AC$MASS_SPECTROMETRY: MS_TYPE MS2
AC$MASS_SPECTROMETRY: ION_MODE POSITIVE
AC$MASS_SPECTROMETRY: IONIZATION ESI
AC$MASS_SPECTROMETRY: FRAGMENTATION_MODE HCD
AC$MASS_SPECTROMETRY: COLLISION_ENERGY 60 % (nominal)
AC$MASS_SPECTROMETRY: RESOLUTION 17500
AC$MASS_SPECTROMETRY: MASS_RANGE_M/Z 88-1325
AC$CHROMATOGRAPHY: COLUMN_NAME XBridge C18 3.5um, 2.1x50mm, Waters
AC$CHROMATOGRAPHY: FLOW_GRADIENT 90/10 at 0 min, 50/50 at 4 min, 5/95 at 17 min, 5/95 at 25 min, 90/10 at 25.1 min, 90/10 at 29.5 min
AC$CHROMATOGRAPHY: FLOW_RATE 400 uL/min
AC$CHROMATOGRAPHY: RETENTION_TIME 3.784 min
MS$FOCUSED_ION: BASE_PEAK 657.3527
MS$FOCUSED_ION: PRECURSOR_M/Z 1283.6882
MS$FOCUSED_ION: PRECURSOR_TYPE [M+H]+
MS$FOCUSED_ION: PRECURSOR_INTENSITY 62281408.36
MS$DATA_PROCESSING: RECALIBRATE loess on assigned fragments and MS1
MS$DATA_PROCESSING: REANALYZE Peaks with additional N2/O included
MS$DATA_PROCESSING: WHOLE RMassBank 3.11.2
PK$SPLASH: splash10-003v-1900000000-97fb532552b3cf1bb7ab
PK$ANNOTATION: m/z tentative_formula formula_count mass error(ppm)
  91.0542 C7H7+ 1 91.0542 -0.51
  93.0336 C6H5O+ 1 93.0335 1.15
  93.0573 C6H7N+ 1 93.0573 -0.14
  93.0699 C7H9+ 1 93.0699 0.57
  94.0651 C6H8N+ 1 94.0651 -0.47
  95.0127 C5H3O2+ 1 95.0128 -0.31
  95.0492 C6H7O+ 1 95.0491 0.33
  95.0603 C5H7N2+ 1 95.0604 -0.74
  95.0855 C7H11+ 1 95.0855 -0.08
  96.0445 C5H6NO+ 1 96.0444 0.83
  96.0808 C6H10N+ 1 96.0808 -0.21
  97.0647 C6H9O+ 1 97.0648 -0.78
  97.0759 C5H9N2+ 1 97.076 -1.36
  97.1011 C7H13+ 1 97.1012 -0.48
  98.06 C5H8NO+ 1 98.06 -0.39
  98.0963 C6H12N+ 1 98.0964 -1.17
  99.0804 C6H11O+ 1 99.0804 -0.67
  100.0392 C4H6NO2+ 1 100.0393 -1.06
  100.0756 C5H10NO+ 1 100.0757 -1.07
  101.0709 C4H9N2O+ 1 101.0709 -0.39
  102.0549 C4H8NO2+ 1 102.055 -0.66
  104.0344 C3H6NO3+ 1 104.0342 1.7
  105.0699 C8H9+ 1 105.0699 0.56
  106.0652 C7H8N+ 1 106.0651 0.97
  107.0492 C7H7O+ 1 107.0491 0.12
  107.0855 C8H11+ 1 107.0855 0.04
  108.0444 C6H6NO+ 1 108.0444 -0.32
  108.0808 C7H10N+ 1 108.0808 0.17
  109.0762 C6H9N2+ 1 109.076 1.7
  110.06 C6H8NO+ 1 110.06 -0.09
  111.0552 C5H7N2O+ 1 111.0553 -1.06
  111.0918 C6H11N2+ 1 111.0917 1.13
  112.0393 C5H6NO2+ 1 112.0393 -0.07
  112.0756 C6H10NO+ 1 112.0757 -0.69
  113.0708 C5H9N2O+ 1 113.0709 -0.95
  114.0549 C5H8NO2+ 1 114.055 -0.18
  114.0911 C6H12NO+ 1 114.0913 -2.25
  115.0543 C9H7+ 1 115.0542 0.94
  115.0865 C5H11N2O+ 1 115.0866 -0.44
  116.0706 C5H10NO2+ 1 116.0706 -0.34
  117.0699 C9H9+ 1 117.0699 0.43
  120.0809 C8H10N+ 1 120.0808 0.82
  121.1011 C9H13+ 1 121.1012 -0.62
  122.06 C7H8NO+ 1 122.06 -0.36
  123.0553 C6H7N2O+ 1 123.0553 0.37
  123.0914 C7H11N2+ 1 123.0917 -2.36
  123.1169 C9H15+ 1 123.1168 0.76
  124.0393 C6H6NO2+ 1 124.0393 -0.17
  124.0756 C7H10NO+ 1 124.0757 -0.55
  125.0709 C6H9N2O+ 1 125.0709 -0.61
  125.0961 C8H13O+ 1 125.0961 0.38
  126.0549 C6H8NO2+ 1 126.055 -0.23
  126.0913 C7H12NO+ 1 126.0913 -0.12
  127.0865 C6H11N2O+ 1 127.0866 -0.61
  128.0705 C6H10NO2+ 1 128.0706 -1.14
  129.0653 C5H9N2O2+ 1 129.0659 -4.11
  130.0498 C5H8NO3+ 1 130.0499 -0.47
  131.0857 C10H11+ 1 131.0855 0.98
  133.1009 C10H13+ 1 133.1012 -1.71
  134.0963 C9H12N+ 1 134.0964 -0.74
  135.0439 C8H7O2+ 1 135.0441 -0.84
  135.1168 C10H15+ 1 135.1168 -0.41
  137.0708 C7H9N2O+ 1 137.0709 -0.81
  137.0959 C9H13O+ 1 137.0961 -1.52
  137.1071 C8H13N2+ 1 137.1073 -1.66
  138.055 C7H8NO2+ 1 138.055 0.01
  138.0912 C8H12NO+ 1 138.0913 -0.71
  138.1276 C9H16N+ 1 138.1277 -0.67
  139.0499 C6H7N2O2+ 1 139.0502 -2.15
  139.0864 C7H11N2O+ 1 139.0866 -1.44
  139.1114 C9H15O+ 1 139.1117 -2.8
  140.0704 C7H10NO2+ 1 140.0706 -1.82
  140.0817 C6H10N3O+ 1 140.0818 -1.3
  141.0657 C6H9N2O2+ 1 141.0659 -0.92
  141.1018 C7H13N2O+ 1 141.1022 -2.82
  142.0499 C6H8NO3+ 1 142.0499 0.53
  143.1066 C8H15O2+ 1 143.1067 -0.51
  145.1013 C11H13+ 1 145.1012 0.75
  146.0959 C10H12N+ 1 146.0964 -3.28
  147.1163 C11H15+ 1 147.1168 -3.57
  148.0756 C9H10NO+ 1 148.0757 -0.57
  150.1276 C10H16N+ 1 150.1277 -0.76
  151.0502 C7H7N2O2+ 1 151.0502 -0.18
  151.0865 C8H11N2O+ 1 151.0866 -0.34
  151.1115 C10H15O+ 1 151.1117 -1.48
  151.123 C9H15N2+ 1 151.123 0.21
  152.1431 C10H18N+ 1 152.1434 -1.78
  153.0657 C7H9N2O2+ 1 153.0659 -1
  153.1022 C8H13N2O+ 1 153.1022 -0.55
  154.0495 C7H8NO3+ 1 154.0499 -2.1
  155.0455 C6H7N2O3+ 1 155.0451 2.41
  155.0813 C7H11N2O2+ 1 155.0815 -1.29
  157.0969 C7H13N2O2+ 1 157.0972 -1.67
  157.1218 C9H17O2+ 1 157.1223 -3.06
  158.0929 C6H12N3O2+ 1 158.0924 3.13
  159.0765 C6H11N2O3+ 1 159.0764 0.7
  160.1119 C11H14N+ 1 160.1121 -0.98
  162.1276 C11H16N+ 1 162.1277 -0.69
  163.0499 C8H7N2O2+ 1 163.0502 -2.11
  163.1114 C11H15O+ 1 163.1117 -1.82
  165.066 C8H9N2O2+ 1 165.0659 0.87
  165.1024 C9H13N2O+ 1 165.1022 1.1
  167.0814 C8H11N2O2+ 1 167.0815 -0.33
  167.1178 C9H15N2O+ 1 167.1179 -0.47
  167.1541 C10H19N2+ 1 167.1543 -1.16
  168.0768 C7H10N3O2+ 1 168.0768 0.01
  168.1381 C10H18NO+ 1 168.1383 -0.98
  169.0605 C7H9N2O3+ 1 169.0608 -1.81
  169.0972 C8H13N2O2+ 1 169.0972 0.03
  169.122 C10H17O2+ 1 169.1223 -1.62
  170.0447 C7H8NO4+ 1 170.0448 -0.29
  171.0764 C7H11N2O3+ 1 171.0764 -0.11
  171.1128 C8H15N2O2+ 1 171.1128 0.2
  172.1122 C12H14N+ 1 172.1121 0.73
  173.0939 C10H11N3+ 1 173.0947 -4.85
  173.1285 C8H17N2O2+ 1 173.1285 0.54
  175.0865 C10H11N2O+ 1 175.0866 -0.33
  177.1025 C10H13N2O+ 1 177.1022 1.21
  178.0973 C9H12N3O+ 1 178.0975 -1.33
  179.0447 C8H7N2O3+ 1 179.0451 -2.14
  179.0815 C9H11N2O2+ 1 179.0815 0.19
  180.0767 C8H10N3O2+ 1 180.0768 -0.36
  180.1382 C11H18NO+ 1 180.1383 -0.43
  181.0609 C8H9N2O3+ 1 181.0608 0.72
  181.0975 C9H13N2O2+ 1 181.0972 2.02
  181.1209 C9H15N3O+ 1 181.121 -0.46
  183.0766 C8H11N2O3+ 1 183.0764 0.77
  183.1491 C10H19N2O+ 1 183.1492 -0.24
  185.0922 C8H13N2O3+ 1 185.0921 0.82
  186.0882 C9H14O4+ 2 186.0887 -2.42
  186.1276 C13H16N+ 1 186.1277 -0.55
  186.1484 C10H20NO2+ 2 186.1489 -2.33
  187.0712 C7H11N2O4+ 1 187.0713 -0.88
  190.1224 C12H16NO+ 1 190.1226 -1.1
  191.0452 C9H7N2O3+ 1 191.0451 0.32
  191.0816 C10H11N2O2+ 1 191.0815 0.59
  191.1052 C10H13N3O+ 1 191.1053 -0.8
  192.1136 C10H14N3O+ 2 192.1131 2.25
  193.0605 C9H9N2O3+ 1 193.0608 -1.21
  195.0761 C9H11N2O3+ 1 195.0764 -1.38
  195.1127 C10H15N2O2+ 1 195.1128 -0.48
  195.1492 C11H19N2O+ 1 195.1492 0.25
  197.0556 C8H9N2O4+ 1 197.0557 -0.65
  197.0923 C9H13N2O3+ 1 197.0921 1.32
  197.1288 C10H17N2O2+ 1 197.1285 1.98
  198.1487 C11H20NO2+ 1 198.1489 -0.87
  201.1228 C9H17N2O3+ 2 201.1234 -3.06
  202.1589 C14H20N+ 2 202.159 -0.45
  206.0921 C10H12N3O2+ 2 206.0924 -1.62
  207.0762 C10H11N2O3+ 1 207.0764 -1.04
  208.0714 C9H10N3O3+ 1 208.0717 -1.07
  208.1332 C12H18NO2+ 1 208.1332 0.11
  209.0555 C9H9N2O4+ 1 209.0557 -0.86
  211.1438 C11H19N2O2+ 2 211.1441 -1.37
  212.066 C8H10N3O4+ 2 212.0666 -2.54
  214.0828 C8H12N3O4+ 3 214.0822 2.53
  216.1594 C11H22NO3+ 1 216.1594 -0.04
  217.1338 H25O12+ 2 217.1341 -1.04
  220.1083 C11H14N3O2+ 1 220.1081 1.03
  221.092 C11H13N2O3+ 1 221.0921 -0.24
  225.1592 C12H21N2O2+ 2 225.1598 -2.39
  226.1431 C12H20NO3+ 2 226.1438 -2.8
  227.0653 C8H5N9+ 3 227.0662 -4.13
  234.0875 C11H12N3O3+ 2 234.0873 0.85
  235.1436 C13H19N2O2+ 3 235.1441 -2.02
  238.1189 C11H16N3O3+ 2 238.1186 1.08
  243.1699 C12H23N2O3+ 2 243.1703 -1.9
  244.0925 C8H8N10+ 3 244.0928 -1.27
  244.154 C12H22NO4+ 2 244.1543 -1.53
  252.1342 C12H18N3O3+ 1 252.1343 -0.16
  261.1806 C12H25N2O4+ 2 261.1809 -1.03
  266.1133 C12H16N3O4+ 2 266.1135 -0.73
PK$NUM_PEAK: 172
PK$PEAK: m/z int. rel.int.
  91.0542 2681566.8 690
  93.0336 49448.1 12
  93.0573 39492.5 10
  93.0699 247636 63
  94.0651 159846.2 41
  95.0127 84928.2 21
  95.0492 231921.6 59
  95.0603 60473.6 15
  95.0855 156171.5 40
  96.0445 277689.4 71
  96.0808 263193.9 67
  97.0647 89360.4 23
  97.0759 124715.7 32
  97.1011 215325.9 55
  98.06 2615537.8 673
  98.0963 320604.4 82
  99.0804 1427940.4 367
  100.0392 182608.5 47
  100.0756 90684.5 23
  101.0709 544462.9 140
  102.0549 70936.5 18
  104.0344 145943.9 37
  105.0699 242668 62
  106.0652 78117.4 20
  107.0492 253097.3 65
  107.0855 770949.2 198
  108.0444 46637.3 12
  108.0808 62360.3 16
  109.0762 93955.1 24
  110.06 279666.4 72
  111.0552 90245 23
  111.0918 152584.6 39
  112.0393 410669.4 105
  112.0756 403297.3 103
  113.0708 273911 70
  114.0549 129690.1 33
  114.0911 119568 30
  115.0543 235262.5 60
  115.0865 733111.2 188
  116.0706 536472.1 138
  117.0699 1893093.5 487
  120.0809 54579.6 14
  121.1011 270150.5 69
  122.06 109886 28
  123.0553 104974.4 27
  123.0914 58311.4 15
  123.1169 97464.9 25
  124.0393 129408.2 33
  124.0756 188571.6 48
  125.0709 255333.7 65
  125.0961 737116.6 189
  126.0549 1312377.9 337
  126.0913 648822.8 167
  127.0865 3879619.2 999
  128.0705 172529.8 44
  129.0653 209508.4 53
  130.0498 245386.5 63
  131.0857 147525.1 37
  133.1009 91366 23
  134.0963 1791760.1 461
  135.0439 44891.3 11
  135.1168 191191.4 49
  137.0708 232267.7 59
  137.0959 284447.1 73
  137.1071 82441.5 21
  138.055 105807.3 27
  138.0912 50707.4 13
  138.1276 327300.3 84
  139.0499 140796.4 36
  139.0864 570144.6 146
  139.1114 85344.2 21
  140.0704 134712.3 34
  140.0817 276145.4 71
  141.0657 461312.3 118
  141.1018 75583.1 19
  142.0499 79146.4 20
  143.1066 1956343.9 503
  145.1013 358120.6 92
  146.0959 87397.3 22
  147.1163 84472.5 21
  148.0756 48331.6 12
  150.1276 574998.6 148
  151.0502 131082.4 33
  151.0865 72267.4 18
  151.1115 392230.5 100
  151.123 99158 25
  152.1431 51109 13
  153.0657 178694 46
  153.1022 338512.1 87
  154.0495 62039 15
  155.0455 294193 75
  155.0813 1805021.6 464
  157.0969 172947.9 44
  157.1218 54159.8 13
  158.0929 65958.9 16
  159.0765 108918.2 28
  160.1119 109990.8 28
  162.1276 83855.2 21
  163.0499 67248.2 17
  163.1114 352324.1 90
  165.066 130949.3 33
  165.1024 179208.4 46
  167.0814 444452.9 114
  167.1178 495249.8 127
  167.1541 186308.7 47
  168.0768 223356.8 57
  168.1381 435836.3 112
  169.0605 303859.8 78
  169.0972 86928.7 22
  169.122 109778.2 28
  170.0447 121874.7 31
  171.0764 316790.3 81
  171.1128 60290.7 15
  172.1122 97360.3 25
  173.0939 167092.5 43
  173.1285 80449.2 20
  175.0865 43895.8 11
  177.1025 63721.5 16
  178.0973 69489.5 17
  179.0447 121053.8 31
  179.0815 74502 19
  180.0767 53369.3 13
  180.1382 339144.5 87
  181.0609 164464.5 42
  181.0975 161565.8 41
  181.1209 158448.6 40
  183.0766 284631 73
  183.1491 2912035.8 749
  185.0922 191671.4 49
  186.0882 145487.9 37
  186.1276 1549164.2 398
  186.1484 428442.8 110
  187.0712 285797.3 73
  190.1224 317831.3 81
  191.0452 109030.1 28
  191.0816 85509.1 22
  191.1052 221921.5 57
  192.1136 40556.1 10
  193.0605 65837 16
  195.0761 52468 13
  195.1127 314634.2 81
  195.1492 129635.8 33
  197.0556 81780.9 21
  197.0923 45171.2 11
  197.1288 131859 33
  198.1487 275329 70
  201.1228 149734.8 38
  202.1589 41803.6 10
  206.0921 83059.8 21
  207.0762 49186 12
  208.0714 58668.1 15
  208.1332 331788.5 85
  209.0555 90626.4 23
  211.1438 317327.9 81
  212.066 44208.7 11
  214.0828 43508.9 11
  216.1594 891399.4 229
  217.1338 85788.6 22
  220.1083 274568 70
  221.092 129996.5 33
  225.1592 131204.7 33
  226.1431 149026.9 38
  227.0653 49063.1 12
  234.0875 73217.8 18
  235.1436 203682 52
  238.1189 98831.9 25
  243.1699 104836.3 26
  244.0925 50801.9 13
  244.154 56719.6 14
  252.1342 58771.1 15
  261.1806 252529.8 65
  266.1133 144709.5 37
//
