ACCESSION: MSBNK-Eawag-EQ01120354
RECORD_TITLE: Azadirachtin A; LC-ESI-QFT; MS2; CE: 60%; R=17500; [M-H]-
DATE: 2026.02.25
AUTHORS: G. Martella [dtc], B. Beck [dtc,com], L. Aisch [dtc]
LICENSE: CC BY-SA
COPYRIGHT: Copyright (C) Eawag 2026
COMMENT: CONFIDENCE standard compound
COMMENT: UCHEM_ID 11203
CH$NAME: Azadirachtin A
CH$NAME: dimethyl 12-acetyloxy-4,7-dihydroxy-6-(2-hydroxy-11-methyl-5,7,10-trioxatetracyclo[6.3.1.02,6.09,11]dodec-3-en-9-yl)-6-methyl-14-(2-methylbut-2-enoyloxy)-3,9-dioxatetracyclo[6.6.1.01,5.011,15]pentadecane-4,11-dicarboxylate
CH$COMPOUND_CLASS: N/A; Environmental Standard
CH$FORMULA: C35H44O16
CH$EXACT_MASS: 720.26293531
CH$SMILES: CC=C(C)C(=O)OC1CC(C2(COC3C2C14COC(C4C(C3O)(C)C56C7CC(C5(O6)C)C8(C=COC8O7)O)(C(=O)OC)O)C(=O)OC)OC(=O)C
CH$IUPAC: InChI=1S/C35H44O16/c1-8-15(2)24(38)49-18-12-19(48-16(3)36)32(26(39)43-6)13-46-21-22(32)31(18)14-47-34(42,27(40)44-7)25(31)29(4,23(21)37)35-20-11-17(30(35,5)51-35)33(41)9-10-45-28(33)50-20/h8-10,17-23,25,28,37,41-42H,11-14H2,1-7H3
CH$LINK: PUBCHEM CID:2263
CH$LINK: INCHIKEY FTNJWQUOZFUQQJ-UHFFFAOYSA-N
AC$INSTRUMENT: Exploris 240 Orbitrap Thermo Scientific
AC$INSTRUMENT_TYPE: LC-ESI-QFT
AC$MASS_SPECTROMETRY: MS_TYPE MS2
AC$MASS_SPECTROMETRY: ION_MODE NEGATIVE
AC$MASS_SPECTROMETRY: IONIZATION ESI
AC$MASS_SPECTROMETRY: FRAGMENTATION_MODE HCD
AC$MASS_SPECTROMETRY: COLLISION_ENERGY 60 % (nominal)
AC$MASS_SPECTROMETRY: RESOLUTION 17500
AC$MASS_SPECTROMETRY: MASS_RANGE_M/Z 75-755
AC$CHROMATOGRAPHY: COLUMN_NAME XBridge C18 3.5um, 2.1x50mm, Waters
AC$CHROMATOGRAPHY: FLOW_GRADIENT 90/10 at 0 min, 50/50 at 4 min, 5/95 at 17 min, 5/95 at 25 min, 90/10 at 25.1 min, 90/10 at 30 min
AC$CHROMATOGRAPHY: FLOW_RATE 200 uL/min
AC$CHROMATOGRAPHY: RETENTION_TIME 6.692 min
MS$FOCUSED_ION: BASE_PEAK 765.2619
MS$FOCUSED_ION: PRECURSOR_M/Z 719.2557
MS$FOCUSED_ION: PRECURSOR_TYPE [M-H]-
MS$DATA_PROCESSING: RECALIBRATE loess on assigned fragments and MS1
MS$DATA_PROCESSING: REANALYZE Peaks with additional N2/O included
MS$DATA_PROCESSING: WHOLE RMassBank 3.20.0
PK$SPLASH: splash10-0002-6900000000-d78edb7f9fd5e94acfbf
PK$ANNOTATION: m/z tentative_formula formula_count mass error(ppm)
  79.0554 C6H7- 1 79.0553 1.11
  81.0345 C5H5O- 1 81.0346 -1.44
  83.014 C4H3O2- 1 83.0139 1.5
  83.0501 C5H7O- 1 83.0502 -1.18
  85.0295 C4H5O2- 1 85.0295 -0.39
  87.0091 C3H3O3- 1 87.0088 4.02
  93.0346 C6H5O- 1 93.0346 -0.04
  95.0141 C5H3O2- 1 95.0139 2.63
  95.0501 C6H7O- 1 95.0502 -1.4
  97.0296 C5H5O2- 1 97.0295 1.22
  97.066 C6H9O- 1 97.0659 1.37
  99.0087 C4H3O3- 1 99.0088 -0.43
  99.0451 C5H7O2- 1 99.0452 -0.45
  100.0168 C4H4O3- 1 100.0166 1.84
  101.0245 C4H5O3- 1 101.0244 1.13
  105.035 C7H5O- 1 105.0346 3.49
  105.0715 C8H9- 1 105.071 4.57
  106.0427 C7H6O- 1 106.0424 2.37
  107.05 C7H7O- 1 107.0502 -2.36
  108.022 C6H4O2- 1 108.0217 2.67
  109.0294 C6H5O2- 1 109.0295 -0.72
  109.0662 C7H9O- 1 109.0659 2.83
  111.009 C5H3O3- 1 111.0088 2.09
  111.0451 C6H7O2- 1 111.0452 -0.53
  113.0246 C5H5O3- 1 113.0244 1.96
  117.0713 C9H9- 1 117.071 2.92
  119.0499 C8H7O- 1 119.0502 -2.44
  119.0868 C9H11- 1 119.0866 1.78
  121.0295 C7H5O2- 1 121.0295 0.06
  121.0657 C8H9O- 1 121.0659 -1.4
  122.0375 C7H6O2- 1 122.0373 1.13
  123.045 C7H7O2- 1 123.0452 -1.42
  125.0247 C6H5O3- 1 125.0244 1.93
  125.061 C7H9O2- 1 125.0608 1.43
  127.0403 C6H7O3- 1 127.0401 2.11
  129.0709 C10H9- 1 129.071 -0.41
  130.0426 C9H6O- 1 130.0424 1.54
  131.0503 C9H7O- 1 131.0502 0.85
  133.0298 C8H5O2- 1 133.0295 1.86
  133.0657 C9H9O- 1 133.0659 -1.65
  134.0374 C8H6O2- 1 134.0373 0.6
  135.0453 C8H7O2- 1 135.0452 1.18
  135.0815 C9H11O- 1 135.0815 -0.35
  137.0248 C7H5O3- 1 137.0244 2.72
  137.0608 C8H9O2- 1 137.0608 0.1
  139.0399 C7H7O3- 1 139.0401 -1.12
  143.0869 C11H11- 1 143.0866 2.23
  145.0656 C10H9O- 1 145.0659 -2.01
  147.045 C9H7O2- 1 147.0452 -0.93
  147.0817 C10H11O- 1 147.0815 0.88
  149.0242 C8H5O3- 1 149.0244 -1.51
  149.0605 C9H9O2- 1 149.0608 -1.98
  150.0318 C8H6O3- 1 150.0322 -2.69
  151.0397 C8H7O3- 1 151.0401 -2.33
  155.0869 C12H11- 1 155.0866 2.1
  157.0655 C11H9O- 1 157.0659 -2.38
  157.1022 C12H13- 1 157.1023 -0.39
  159.0451 C10H7O2- 1 159.0452 -0.31
  159.0819 C11H11O- 1 159.0815 2.32
  160.0522 C10H8O2- 1 160.053 -4.67
  161.0606 C10H9O2- 1 161.0608 -1.39
  163.0402 C9H7O3- 1 163.0401 0.7
  163.0767 C10H11O2- 1 163.0765 1.78
  165.0556 C9H9O3- 1 165.0557 -0.54
  167.0347 C8H7O4- 1 167.035 -1.61
  167.0872 C13H11- 1 167.0866 3.75
  170.0734 C12H10O- 1 170.0737 -1.66
  171.0813 C12H11O- 1 171.0815 -1.36
  172.0528 C11H8O2- 1 172.053 -0.83
  173.0608 C11H9O2- 1 173.0608 0
  173.0974 C12H13O- 1 173.0972 1.01
  175.0404 C10H7O3- 1 175.0401 1.66
  175.0771 C11H11O2- 1 175.0765 3.53
  176.0484 C10H8O3- 1 176.0479 2.81
  177.056 C10H9O3- 1 177.0557 1.69
  181.0667 C13H9O- 1 181.0659 4.33
  184.0534 C12H8O2- 1 184.053 2.22
  185.061 C12H9O2- 1 185.0608 1.16
  186.0687 C12H10O2- 1 186.0686 0.36
  187.0762 C12H11O2- 1 187.0765 -1.17
  189.0923 C12H13O2- 1 189.0921 1.05
  191.072 C11H11O3- 1 191.0714 3.28
  193.0504 C10H9O4- 1 193.0506 -1.11
  197.061 C13H9O2- 1 197.0608 1.06
  198.0687 C13H10O2- 1 198.0686 0.23
  199.0761 C13H11O2- 1 199.0765 -1.52
  201.0552 C12H9O3- 1 201.0557 -2.35
  201.0923 C13H13O2- 1 201.0921 1.02
  203.0715 C12H11O3- 1 203.0714 0.78
  211.0772 C14H11O2- 1 211.0765 3.54
  213.0559 C13H9O3- 1 213.0557 0.63
  213.092 C14H13O2- 1 213.0921 -0.41
  214.0646 C13H10O3- 1 214.0635 4.99
  215.0711 C13H11O3- 1 215.0714 -1.27
  217.0874 C13H13O3- 1 217.087 1.93
  227.072 C14H11O3- 1 227.0714 2.6
  229.0869 C14H13O3- 1 229.087 -0.73
  243.0675 C14H11O4- 1 243.0663 4.9
  257.0824 C15H13O4- 1 257.0819 1.92
PK$NUM_PEAK: 99
PK$PEAK: m/z int. rel.int.
  79.0554 30664.9 19
  81.0345 79558.3 51
  83.014 43098.1 28
  83.0501 102315 66
  85.0295 233260.4 151
  87.0091 67759.1 44
  93.0346 234527 152
  95.0141 48322.8 31
  95.0501 274159.7 178
  97.0296 137081.8 89
  97.066 19218.4 12
  99.0087 720562.2 469
  99.0451 1533696.2 999
  100.0168 36425.7 23
  101.0245 35786 23
  105.035 30516.8 19
  105.0715 22957.7 14
  106.0427 35233.5 22
  107.05 114852.8 74
  108.022 60496.1 39
  109.0294 119329.7 77
  109.0662 28142.5 18
  111.009 44125.3 28
  111.0451 229669.5 149
  113.0246 45158.4 29
  117.0713 18189.9 11
  119.0499 96282.8 62
  119.0868 28688.6 18
  121.0295 335676.1 218
  121.0657 187696.4 122
  122.0375 55275.7 36
  123.045 272234.6 177
  125.0247 57187.7 37
  125.061 34363.4 22
  127.0403 53880.6 35
  129.0709 130835 85
  130.0426 21668.8 14
  131.0503 64418 41
  133.0298 20457.8 13
  133.0657 107713.1 70
  134.0374 28493.3 18
  135.0453 110564.4 72
  135.0815 35600.9 23
  137.0248 30120.3 19
  137.0608 89174.2 58
  139.0399 45201 29
  143.0869 25707.3 16
  145.0656 112325.9 73
  147.045 136376.1 88
  147.0817 51392.1 33
  149.0242 38107.3 24
  149.0605 152843.8 99
  150.0318 69731.6 45
  151.0397 98431.4 64
  155.0869 45416.6 29
  157.0655 98974.2 64
  157.1022 15385.3 10
  159.0451 73541.4 47
  159.0819 51744.4 33
  160.0522 33202.6 21
  161.0606 103752.8 67
  163.0402 31023.9 20
  163.0767 43094 28
  165.0556 119964.6 78
  167.0347 20257.4 13
  167.0872 20285 13
  170.0734 81429.5 53
  171.0813 104982.7 68
  172.0528 26133.9 17
  173.0608 158464.1 103
  173.0974 38217.4 24
  175.0404 53608.4 34
  175.0771 44643 29
  176.0484 46936.8 30
  177.056 41159.5 26
  181.0667 39734.2 25
  184.0534 29206.5 19
  185.061 107695.7 70
  186.0687 39881.1 25
  187.0762 79137.6 51
  189.0923 28503 18
  191.072 24373 15
  193.0504 33982.6 22
  197.061 64011.9 41
  198.0687 34647.5 22
  199.0761 180327.4 117
  201.0552 53539.3 34
  201.0923 62605.4 40
  203.0715 33491.8 21
  211.0772 69546.3 45
  213.0559 25788.2 16
  213.092 30424.7 19
  214.0646 35630.1 23
  215.0711 56904.4 37
  217.0874 24230.1 15
  227.072 36906.9 24
  229.0869 58901.9 38
  243.0675 48385 31
  257.0824 42391.5 27
//
