ACCESSION: MSBNK-Eawag-EQ01120353
RECORD_TITLE: Azadirachtin A; LC-ESI-QFT; MS2; CE: 45%; R=17500; [M-H]-
DATE: 2026.02.25
AUTHORS: G. Martella [dtc], B. Beck [dtc,com], L. Aisch [dtc]
LICENSE: CC BY-SA
COPYRIGHT: Copyright (C) Eawag 2026
COMMENT: CONFIDENCE standard compound
COMMENT: UCHEM_ID 11203
CH$NAME: Azadirachtin A
CH$NAME: dimethyl 12-acetyloxy-4,7-dihydroxy-6-(2-hydroxy-11-methyl-5,7,10-trioxatetracyclo[6.3.1.02,6.09,11]dodec-3-en-9-yl)-6-methyl-14-(2-methylbut-2-enoyloxy)-3,9-dioxatetracyclo[6.6.1.01,5.011,15]pentadecane-4,11-dicarboxylate
CH$COMPOUND_CLASS: N/A; Environmental Standard
CH$FORMULA: C35H44O16
CH$EXACT_MASS: 720.26293531
CH$SMILES: CC=C(C)C(=O)OC1CC(C2(COC3C2C14COC(C4C(C3O)(C)C56C7CC(C5(O6)C)C8(C=COC8O7)O)(C(=O)OC)O)C(=O)OC)OC(=O)C
CH$IUPAC: InChI=1S/C35H44O16/c1-8-15(2)24(38)49-18-12-19(48-16(3)36)32(26(39)43-6)13-46-21-22(32)31(18)14-47-34(42,27(40)44-7)25(31)29(4,23(21)37)35-20-11-17(30(35,5)51-35)33(41)9-10-45-28(33)50-20/h8-10,17-23,25,28,37,41-42H,11-14H2,1-7H3
CH$LINK: PUBCHEM CID:2263
CH$LINK: INCHIKEY FTNJWQUOZFUQQJ-UHFFFAOYSA-N
AC$INSTRUMENT: Exploris 240 Orbitrap Thermo Scientific
AC$INSTRUMENT_TYPE: LC-ESI-QFT
AC$MASS_SPECTROMETRY: MS_TYPE MS2
AC$MASS_SPECTROMETRY: ION_MODE NEGATIVE
AC$MASS_SPECTROMETRY: IONIZATION ESI
AC$MASS_SPECTROMETRY: FRAGMENTATION_MODE HCD
AC$MASS_SPECTROMETRY: COLLISION_ENERGY 45 % (nominal)
AC$MASS_SPECTROMETRY: RESOLUTION 17500
AC$MASS_SPECTROMETRY: MASS_RANGE_M/Z 75-755
AC$CHROMATOGRAPHY: COLUMN_NAME XBridge C18 3.5um, 2.1x50mm, Waters
AC$CHROMATOGRAPHY: FLOW_GRADIENT 90/10 at 0 min, 50/50 at 4 min, 5/95 at 17 min, 5/95 at 25 min, 90/10 at 25.1 min, 90/10 at 30 min
AC$CHROMATOGRAPHY: FLOW_RATE 200 uL/min
AC$CHROMATOGRAPHY: RETENTION_TIME 6.692 min
MS$FOCUSED_ION: BASE_PEAK 765.2619
MS$FOCUSED_ION: PRECURSOR_M/Z 719.2557
MS$FOCUSED_ION: PRECURSOR_TYPE [M-H]-
MS$DATA_PROCESSING: RECALIBRATE loess on assigned fragments and MS1
MS$DATA_PROCESSING: REANALYZE Peaks with additional N2/O included
MS$DATA_PROCESSING: WHOLE RMassBank 3.20.0
PK$SPLASH: splash10-0002-6920000000-0a10de932fd982bc65dd
PK$ANNOTATION: m/z tentative_formula formula_count mass error(ppm)
  79.0554 C6H7- 1 79.0553 1.4
  81.0346 C5H5O- 1 81.0346 -0.12
  83.0136 C4H3O2- 1 83.0139 -2.82
  83.0504 C5H7O- 1 83.0502 2.49
  85.0295 C4H5O2- 1 85.0295 -0.03
  87.0089 C3H3O3- 1 87.0088 1.21
  93.0346 C6H5O- 1 93.0346 -0.36
  95.014 C5H3O2- 1 95.0139 1.34
  95.0503 C6H7O- 1 95.0502 0.29
  97.0295 C5H5O2- 1 97.0295 0.28
  97.0659 C6H9O- 1 97.0659 0.43
  99.0088 C4H3O3- 1 99.0088 0.18
  99.0452 C5H7O2- 1 99.0452 0.02
  100.0168 C4H4O3- 1 100.0166 1.92
  101.0244 C4H5O3- 1 101.0244 -0.46
  105.0344 C7H5O- 1 105.0346 -1.45
  105.0708 C8H9- 1 105.071 -1.39
  106.0424 C7H6O- 1 106.0424 -0.15
  107.0503 C7H7O- 1 107.0502 0.13
  108.0217 C6H4O2- 1 108.0217 0.63
  109.0293 C6H5O2- 1 109.0295 -1.42
  111.0087 C5H3O3- 1 111.0088 -0.8
  111.0452 C6H7O2- 1 111.0452 0.43
  113.0246 C5H5O3- 1 113.0244 1.69
  119.0502 C8H7O- 1 119.0502 0.05
  121.0295 C7H5O2- 1 121.0295 0.25
  121.0659 C8H9O- 1 121.0659 -0.14
  123.0451 C7H7O2- 1 123.0452 -0.67
  125.0245 C6H5O3- 1 125.0244 0.59
  125.0604 C7H9O2- 1 125.0608 -3.51
  127.0401 C6H7O3- 1 127.0401 0.25
  129.071 C10H9- 1 129.071 0.06
  131.0502 C9H7O- 1 131.0502 -0.55
  133.0658 C9H9O- 1 133.0659 -0.96
  135.045 C8H7O2- 1 135.0452 -1.41
  135.0814 C9H11O- 1 135.0815 -0.69
  137.0242 C7H5O3- 1 137.0244 -1.73
  137.0607 C8H9O2- 1 137.0608 -0.9
  139.0399 C7H7O3- 1 139.0401 -0.9
  145.0654 C10H9O- 1 145.0659 -3.16
  147.0451 C9H7O2- 1 147.0452 -0.62
  147.0813 C10H11O- 1 147.0815 -1.3
  149.0243 C8H5O3- 1 149.0244 -1.1
  149.0609 C9H9O2- 1 149.0608 0.68
  150.0319 C8H6O3- 1 150.0322 -2.28
  151.0401 C8H7O3- 1 151.0401 0.29
  153.0552 C8H9O3- 1 153.0557 -3.24
  155.0861 C12H11- 1 155.0866 -3.31
  157.066 C11H9O- 1 157.0659 0.83
  157.1017 C12H13- 1 157.1023 -3.4
  159.0449 C10H7O2- 1 159.0452 -1.85
  159.0813 C11H11O- 1 159.0815 -1.61
  161.0608 C10H9O2- 1 161.0608 -0.16
  161.0971 C11H13O- 1 161.0972 -0.59
  163.0393 C9H7O3- 1 163.0401 -4.44
  163.0767 C10H11O2- 1 163.0765 1.68
  165.0556 C9H9O3- 1 165.0557 -0.44
  167.0347 C8H7O4- 1 167.035 -1.61
  167.0863 C13H11- 1 167.0866 -1.82
  169.066 C12H9O- 1 169.0659 0.65
  170.0738 C12H10O- 1 170.0737 0.76
  171.0814 C12H11O- 1 171.0815 -0.91
  173.0607 C11H9O2- 1 173.0608 -0.44
  175.04 C10H7O3- 1 175.0401 -0.26
  176.048 C10H8O3- 1 176.0479 0.64
  177.0557 C10H9O3- 1 177.0557 -0.03
  183.0813 C13H11O- 1 183.0815 -1.09
  185.0972 C13H13O- 1 185.0972 -0.2
  187.0401 C11H7O3- 1 187.0401 0.01
  187.0763 C12H11O2- 1 187.0765 -0.6
  189.0556 C11H9O3- 1 189.0557 -0.84
  189.0916 C12H13O2- 1 189.0921 -2.9
  191.0714 C11H11O3- 1 191.0714 0.32
  193.0503 C10H9O4- 1 193.0506 -1.58
  197.0605 C13H9O2- 1 197.0608 -1.42
  197.0972 C14H13O- 1 197.0972 0.09
  198.0687 C13H10O2- 1 198.0686 0.38
  199.0763 C13H11O2- 1 199.0765 -0.99
  201.055 C12H9O3- 1 201.0557 -3.79
  201.0923 C13H13O2- 1 201.0921 1.17
  203.0712 C12H11O3- 1 203.0714 -0.8
  203.1071 C13H15O2- 1 203.1078 -3.39
  205.0504 C11H9O4- 1 205.0506 -0.94
  213.0921 C14H13O2- 1 213.0921 0.02
  214.0639 C13H10O3- 1 214.0635 1.71
  215.0717 C13H11O3- 1 215.0714 1.57
  217.0502 C12H9O4- 1 217.0506 -1.97
  217.0868 C13H13O3- 1 217.087 -0.81
  219.0657 C12H11O4- 1 219.0663 -2.76
  225.0558 C14H9O3- 1 225.0557 0.24
  227.071 C14H11O3- 1 227.0714 -1.76
  229.0868 C14H13O3- 1 229.087 -1.07
  243.0664 C14H11O4- 1 243.0663 0.32
  245.0809 C14H13O4- 1 245.0819 -4.34
  253.0861 C16H13O3- 1 253.087 -3.53
  255.0654 C15H11O4- 1 255.0663 -3.46
  257.082 C15H13O4- 1 257.0819 0.14
  261.0774 C14H13O5- 1 261.0768 2.19
  273.076 C15H13O5- 1 273.0768 -3.18
  275.093 C15H15O5- 1 275.0925 1.85
  535.181 C26H31O12- 1 535.1821 -2.03
PK$NUM_PEAK: 101
PK$PEAK: m/z int. rel.int.
  79.0554 26807.3 11
  81.0346 42116.1 18
  83.0136 63857.4 28
  83.0504 79478.8 35
  85.0295 265610.7 117
  87.0089 110789.9 49
  93.0346 146216.4 64
  95.014 19434.4 8
  95.0503 202621.5 89
  97.0295 181085.7 80
  97.0659 35751.7 15
  99.0088 1053770.2 467
  99.0452 2254180.5 999
  100.0168 39904.3 17
  101.0244 50121.8 22
  105.0344 18785.6 8
  105.0708 19109.4 8
  106.0424 24794.7 10
  107.0503 108470 48
  108.0217 22445 9
  109.0293 171072.4 75
  111.0087 35497.1 15
  111.0452 348030.1 154
  113.0246 136285 60
  119.0502 54833.9 24
  121.0295 307269.9 136
  121.0659 191153 84
  123.0451 357565.2 158
  125.0245 119518.6 52
  125.0604 39782 17
  127.0401 120157.7 53
  129.071 122756.5 54
  131.0502 38050 16
  133.0658 128246.5 56
  135.045 113946.9 50
  135.0814 40793 18
  137.0242 52588.5 23
  137.0607 109532.7 48
  139.0399 107381.9 47
  145.0654 76766.4 34
  147.0451 122763.2 54
  147.0813 44182.9 19
  149.0243 63274.3 28
  149.0609 297085.4 131
  150.0319 90177.1 39
  151.0401 207460.9 91
  153.0552 26597.8 11
  155.0861 62302.5 27
  157.066 64293.7 28
  157.1017 22771 10
  159.0449 75630 33
  159.0813 68652.3 30
  161.0608 126028.7 55
  161.0971 37617.5 16
  163.0393 32047.4 14
  163.0767 75075.1 33
  165.0556 219323.8 97
  167.0347 81820.2 36
  167.0863 21363.4 9
  169.066 21658.7 9
  170.0738 117636.7 52
  171.0814 102909.5 45
  173.0607 167604.5 74
  175.04 112544.3 49
  176.048 109442.1 48
  177.0557 142376.3 63
  183.0813 78077.9 34
  185.0972 230397.3 102
  187.0401 22644.9 10
  187.0763 91321.4 40
  189.0556 67201.2 29
  189.0916 60052.1 26
  191.0714 98674.6 43
  193.0503 244225.3 108
  197.0605 34221.8 15
  197.0972 20955.6 9
  198.0687 27443.6 12
  199.0763 254964.3 112
  201.055 55872.8 24
  201.0923 122327.5 54
  203.0712 99844.3 44
  203.1071 36669.8 16
  205.0504 20051.4 8
  213.0921 101416 44
  214.0639 87149 38
  215.0717 78165.8 34
  217.0502 36678.6 16
  217.0868 115013.8 50
  219.0657 24330.6 10
  225.0558 20499 9
  227.071 81613.8 36
  229.0868 198890.5 88
  243.0664 163807.1 72
  245.0809 26734.3 11
  253.0861 35945.4 15
  255.0654 38293.1 16
  257.082 158454.7 70
  261.0774 19284.6 8
  273.076 51813.4 22
  275.093 56228.9 24
  535.181 26899.2 11
//
