ACCESSION: MSBNK-MLU-ED035505
RECORD_TITLE: Lyngbyazothrin B; LC-ESI-QFT; MS2; CE: 40%; R=17500; [M+H]+
DATE: 2024.02.23
AUTHORS: E. Janssen [dtc], F. Schanbacher [dtc], T. Niedermeyer [dtc], E. N. Zainuddin [dtc], S. Mundt [dtc], A. Dax [com]
LICENSE: CC BY-SA
COPYRIGHT: Copyright (C) Eawag 2023
COMMENT: CONFIDENCE 2a
COMMENT: CyanoMetDB_ID 355
CH$NAME: Lyngbyazothrin B
CH$NAME: 3-[(3S,12S,19S,28S,31E,34S,37R,40S)-37-[(2S)-butan-2-yl]-31-ethylidene-15-hydroxy-28-[(1R)-1-hydroxyethyl]-34-(hydroxymethyl)-2,8,11,14,18,24,27,30,33,36,39-undecaoxo-25-(2-phenylethyl)-16-(2,4,5-trihydroxy-7-methyloctyl)-1,7,10,13,17,23,26,29,32,35,38-undecazatetracyclo[38.3.0.03,7.019,23]tritetracontan-12-yl]propanamide
CH$COMPOUND_CLASS: Cyanobacterial metabolite
CH$FORMULA: C61H94N12O18
CH$EXACT_MASS: 1282.680904
CH$SMILES: [H]C1=CC=C(CCC2NC([C@@H](NC(/C(NC([C@@H](NC([C@H](NC([C@@H]3CCCN3C([C@H]4N(C(CNC([C@@H](NC(C(O)C(CC(O[H])CC(O)C(O)CC(C)C)NC([C@@H]5CCCN5C2=O)=O)=O)CCC(N)=O)=O)=O)CCC4)=O)=O)[C@@H](C)CC)=O)CO)=O)=C\C)=O)[C@@H](C)O)=O)C=C1
CH$IUPAC: InChI=1S/C61H94N12O18/c1-7-33(5)49-57(87)68-41(31-74)54(84)64-37(8-2)53(83)70-50(34(6)75)58(88)66-39(21-20-35-15-10-9-11-16-35)60(90)72-25-12-17-42(72)55(85)67-40(28-36(76)29-46(78)45(77)27-32(3)4)51(81)59(89)65-38(22-23-47(62)79)52(82)63-30-48(80)71-24-14-19-44(71)61(91)73-26-13-18-43(73)56(86)69-49/h8-11,15-16,32-34,36,38-46,49-51,74-78,81H,7,12-14,17-31H2,1-6H3,(H2,62,79)(H,63,82)(H,64,84)(H,65,89)(H,66,88)(H,67,85)(H,68,87)(H,69,86)(H,70,83)/b37-8+/t33-,34+,36?,38-,39?,40?,41-,42-,43-,44-,45?,46?,49+,50-,51?/m0/s1
CH$LINK: PUBCHEM CID:44254416
CH$LINK: INCHIKEY OCPKVHKLLYWOOG-AZFXQPBMSA-N
AC$INSTRUMENT: QExactive Plus
AC$INSTRUMENT_TYPE: LC-ESI-QFT
AC$MASS_SPECTROMETRY: MS_TYPE MS2
AC$MASS_SPECTROMETRY: ION_MODE POSITIVE
AC$MASS_SPECTROMETRY: IONIZATION ESI
AC$MASS_SPECTROMETRY: FRAGMENTATION_MODE HCD
AC$MASS_SPECTROMETRY: COLLISION_ENERGY 40 % (nominal)
AC$MASS_SPECTROMETRY: RESOLUTION 17500
AC$MASS_SPECTROMETRY: MASS_RANGE_M/Z 88-1325
AC$CHROMATOGRAPHY: COLUMN_NAME XBridge C18 3.5um, 2.1x50mm, Waters
AC$CHROMATOGRAPHY: FLOW_GRADIENT 90/10 at 0 min, 50/50 at 4 min, 5/95 at 17 min, 5/95 at 25 min, 90/10 at 25.1 min, 90/10 at 29.5 min
AC$CHROMATOGRAPHY: FLOW_RATE 400 uL/min
AC$CHROMATOGRAPHY: RETENTION_TIME 3.784 min
MS$FOCUSED_ION: BASE_PEAK 657.3527
MS$FOCUSED_ION: PRECURSOR_M/Z 1283.6882
MS$FOCUSED_ION: PRECURSOR_TYPE [M+H]+
MS$FOCUSED_ION: PRECURSOR_INTENSITY 62281408.36
MS$DATA_PROCESSING: RECALIBRATE loess on assigned fragments and MS1
MS$DATA_PROCESSING: REANALYZE Peaks with additional N2/O included
MS$DATA_PROCESSING: WHOLE RMassBank 3.11.2
PK$SPLASH: splash10-090r-0952000000-59df1247d0220f318a6e
PK$ANNOTATION: m/z tentative_formula formula_count mass error(ppm)
  91.0541 C7H7+ 1 91.0542 -1.85
  95.0492 C6H7O+ 1 95.0491 0.49
  96.0808 C6H10N+ 1 96.0808 -0.13
  98.06 C5H8NO+ 1 98.06 -0.39
  98.0965 C6H12N+ 1 98.0964 0.46
  99.0804 C6H11O+ 1 99.0804 -0.52
  101.0709 C4H9N2O+ 1 101.0709 -0.16
  103.0503 C3H7N2O2+ 1 103.0502 0.88
  107.0493 C7H7O+ 1 107.0491 1.55
  107.0855 C8H11+ 1 107.0855 -0.53
  110.0597 C6H8NO+ 1 110.06 -3.42
  112.0391 C5H6NO2+ 1 112.0393 -1.64
  112.0756 C6H10NO+ 1 112.0757 -1.17
  113.071 C5H9N2O+ 1 113.0709 0.4
  115.0866 C5H11N2O+ 1 115.0866 -0.31
  116.0706 C5H10NO2+ 1 116.0706 -0.41
  117.0698 C9H9+ 1 117.0699 -0.35
  121.1011 C9H13+ 1 121.1012 -0.62
  123.1169 C9H15+ 1 123.1168 0.45
  124.0756 C7H10NO+ 1 124.0757 -0.67
  125.0708 C6H9N2O+ 1 125.0709 -1.1
  125.0961 C8H13O+ 1 125.0961 -0.05
  126.0549 C6H8NO2+ 1 126.055 -0.11
  126.0912 C7H12NO+ 1 126.0913 -0.84
  127.0865 C6H11N2O+ 1 127.0866 -0.61
  128.0705 C6H10NO2+ 1 128.0706 -0.54
  129.0657 C5H9N2O2+ 1 129.0659 -1.27
  130.0498 C5H8NO3+ 1 130.0499 -0.23
  134.0963 C9H12N+ 1 134.0964 -0.74
  135.1165 C10H15+ 1 135.1168 -2.44
  137.0709 C7H9N2O+ 1 137.0709 -0.26
  137.096 C9H13O+ 1 137.0961 -0.86
  138.1276 C9H16N+ 1 138.1277 -0.56
  139.0865 C7H11N2O+ 1 139.0866 -0.35
  139.1115 C9H15O+ 1 139.1117 -1.7
  140.0704 C7H10NO2+ 1 140.0706 -1.82
  140.0816 C6H10N3O+ 1 140.0818 -1.51
  141.0656 C6H9N2O2+ 1 141.0659 -2.11
  141.102 C7H13N2O+ 1 141.1022 -1.85
  143.1066 C8H15O2+ 1 143.1067 -0.72
  145.1012 C11H13+ 1 145.1012 0.44
  147.0765 C5H11N2O3+ 1 147.0764 0.8
  147.1166 C11H15+ 1 147.1168 -1.71
  150.1275 C10H16N+ 1 150.1277 -1.78
  151.1115 C10H15O+ 1 151.1117 -1.58
  151.1231 C9H15N2+ 1 151.123 0.62
  153.0657 C7H9N2O2+ 1 153.0659 -1
  153.1022 C8H13N2O+ 1 153.1022 -0.45
  155.0813 C7H11N2O2+ 1 155.0815 -1.19
  157.0971 C7H13N2O2+ 1 157.0972 -0.6
  157.1222 C9H17O2+ 1 157.1223 -0.93
  159.0766 C6H11N2O3+ 1 159.0764 1.08
  160.1121 C11H14N+ 1 160.1121 -0.12
  163.1116 C11H15O+ 1 163.1117 -0.61
  165.1023 C9H13N2O+ 1 165.1022 0.54
  167.0814 C8H11N2O2+ 1 167.0815 -0.69
  167.1178 C9H15N2O+ 1 167.1179 -0.47
  167.1546 C10H19N2+ 1 167.1543 1.76
  168.0768 C7H10N3O2+ 1 168.0768 0.19
  168.1381 C10H18NO+ 1 168.1383 -1.17
  169.0606 C7H9N2O3+ 1 169.0608 -1.18
  169.1222 C10H17O2+ 1 169.1223 -0.72
  171.0763 C7H11N2O3+ 1 171.0764 -0.55
  171.1124 C8H15N2O2+ 1 171.1128 -2.21
  172.1086 C7H14N3O2+ 2 172.1081 3.09
  173.1278 C8H17N2O2+ 2 173.1285 -3.52
  179.0448 C8H7N2O3+ 1 179.0451 -1.89
  179.1181 C10H15N2O+ 1 179.1179 1.17
  180.1382 C11H18NO+ 1 180.1383 -0.43
  181.0971 C9H13N2O2+ 1 181.0972 -0.09
  181.1213 C9H15N3O+ 1 181.121 1.65
  183.1492 C10H19N2O+ 1 183.1492 -0.07
  185.0919 C8H13N2O3+ 1 185.0921 -0.92
  186.0881 C9H14O4+ 2 186.0887 -3
  186.1277 C13H16N+ 1 186.1277 -0.14
  186.1486 C10H20NO2+ 1 186.1489 -1.43
  187.0712 C7H11N2O4+ 1 187.0713 -0.8
  188.1029 C7H14N3O3+ 1 188.103 -0.55
  190.1226 C12H16NO+ 1 190.1226 -0.05
  191.1056 C10H13N3O+ 1 191.1053 1.52
  193.0608 C9H9N2O3+ 1 193.0608 0.29
  193.0975 C10H13N2O2+ 1 193.0972 1.82
  195.076 C9H11N2O3+ 2 195.0764 -2.08
  195.1127 C10H15N2O2+ 1 195.1128 -0.41
  195.149 C11H19N2O+ 1 195.1492 -1
  196.0717 C8H10N3O3+ 1 196.0717 0.38
  197.0558 C8H9N2O4+ 1 197.0557 0.75
  197.0923 C9H13N2O3+ 1 197.0921 1.4
  197.1284 C10H17N2O2+ 1 197.1285 -0.5
  198.1487 C11H20NO2+ 1 198.1489 -0.87
  199.1077 C9H15N2O3+ 1 199.1077 0.14
  201.1233 C9H17N2O3+ 1 201.1234 -0.1
  208.0719 C9H10N3O3+ 1 208.0717 1.21
  208.1331 C12H18NO2+ 1 208.1332 -0.69
  209.0926 C10H13N2O3+ 1 209.0921 2.53
  211.1441 C11H19N2O2+ 1 211.1441 0.07
  212.0665 C8H10N3O4+ 1 212.0666 -0.24
  212.1393 C10H18N3O2+ 1 212.1394 -0.25
  213.1231 C10H17N2O3+ 1 213.1234 -1.26
  214.0824 C8H12N3O4+ 1 214.0822 0.82
  216.1594 C11H22NO3+ 1 216.1594 -0.18
  217.1335 C13H17N2O+ 2 217.1335 -0.08
  220.1077 C11H14N3O2+ 2 220.1081 -1.47
  221.0919 C11H13N2O3+ 1 221.0921 -0.93
  223.144 C12H19N2O2+ 1 223.1441 -0.35
  224.1037 C12H16O4+ 2 224.1043 -2.79
  224.1393 C11H18N3O2+ 1 224.1394 -0.03
  225.1592 C12H21N2O2+ 2 225.1598 -2.25
  226.0831 C9H12N3O4+ 3 226.0822 3.94
  226.1197 C12H18O4+ 2 226.12 -0.95
  226.1433 C12H20NO3+ 2 226.1438 -2.06
  228.0978 C9H14N3O4+ 1 228.0979 -0.25
  229.155 C11H21N2O3+ 1 229.1547 1.53
  231.1493 C14H19N2O+ 3 231.1492 0.56
  234.0877 C11H12N3O3+ 2 234.0873 1.51
  235.1441 C13H19N2O2+ 2 235.1441 -0.01
  238.119 C11H16N3O3+ 2 238.1186 1.4
  239.1383 C12H19N2O3+ 2 239.139 -2.93
  243.149 H25N3O11+ 5 243.1484 2.43
  243.1708 C12H23N2O3+ 1 243.1703 2.11
  244.0926 C8H8N10+ 3 244.0928 -0.71
  244.1541 C12H22NO4+ 2 244.1543 -0.85
  248.1035 C12H14N3O3+ 2 248.103 2.14
  249.196 C15H25N2O+ 4 249.1961 -0.38
  250.1182 C12H16N3O3+ 2 250.1186 -1.74
  252.1342 C12H18N3O3+ 1 252.1343 -0.16
  253.1549 C13H21N2O3+ 2 253.1547 1
  254.1139 C11H16N3O4+ 3 254.1135 1.36
  259.1446 C15H19N2O2+ 3 259.1441 1.9
  261.181 C12H25N2O4+ 2 261.1809 0.37
  262.165 C12H24NO5+ 3 262.1649 0.35
  263.139 C14H19N2O3+ 3 263.139 -0.09
  264.0981 C12H14N3O4+ 3 264.0979 0.84
  264.1339 C13H18N3O3+ 3 264.1343 -1.39
  266.1134 C12H16N3O4+ 2 266.1135 -0.61
  266.1489 C11H18N6O2+ 2 266.1486 1.08
  268.1651 C13H22N3O3+ 3 268.1656 -1.73
  269.1608 C12H21N4O3+ 3 269.1608 -0.16
  270.1814 C13H24N3O3+ 3 270.1812 0.58
  271.1423 C14H17N5O+ 5 271.1428 -1.64
  272.1237 C10H12N10+ 3 272.1241 -1.54
  278.1131 C13H16N3O4+ 3 278.1135 -1.44
  280.1656 C14H22N3O3+ 5 280.1656 0.1
  280.2017 C15H26N3O2+ 5 280.202 -0.8
  282.1455 H28NO15+ 6 282.1453 0.41
  283.1399 C12H19N4O4+ 3 283.1401 -0.5
  295.2016 C16H27N2O3+ 6 295.2016 -0.12
  298.1763 C14H24N3O4+ 6 298.1761 0.43
  300.1704 C2H28N4O12+ 6 300.1698 1.83
  308.1968 C16H26N3O3+ 7 308.1969 -0.26
  313.2121 C16H29N2O4+ 7 313.2122 -0.12
  324.119 C12H16N6O5+ 7 324.1177 4.01
  336.1926 C4H34NO15+ 8 336.1923 0.99
  337.1764 C18H21N6O+ 9 337.1771 -2.1
  337.2226 C2H35N5O13+ 9 337.2226 0.04
  340.2232 C17H30N3O4+ 8 340.2231 0.39
  354.2019 C16H22N10+ 10 354.2023 -1.18
  358.2334 C16H26N10+ 9 358.2336 -0.54
  359.2168 CH31N10O11+ 11 359.2168 -0.2
  372.213 C17H30N3O6+ 11 372.2129 0.15
  376.1861 C4H32N4O15+ 8 376.1859 0.65
  377.1716 C22H23N3O3+ 10 377.1734 -4.71
  381.2132 C17H23N11+ 11 381.2132 0
  395.2288 C18H25N11+ 11 395.2289 -0.3
  397.245 C5H35N9O11+ 11 397.2451 -0.2
  400.2057 C30H26N+ 9 400.206 -0.69
  422.1935 C21H24N7O3+ 13 422.1935 -0.15
  451.2552 C22H35N4O6+ 12 451.2551 0.17
  460.2551 C22H28N12+ 12 460.2554 -0.81
  469.2658 C22H37N4O7+ 13 469.2657 0.22
  478.2661 C23H36N5O6+ 13 478.266 0.29
  491.2495 C23H29N11O2+ 15 491.25 -1.02
PK$NUM_PEAK: 172
PK$PEAK: m/z int. rel.int.
  91.0541 608429.5 93
  95.0492 69600.4 10
  96.0808 73824.3 11
  98.06 1087650.6 166
  98.0965 73037.1 11
  99.0804 547187.6 83
  101.0709 477700.1 73
  103.0503 68251.4 10
  107.0493 114250.4 17
  107.0855 193507.2 29
  110.0597 110031.7 16
  112.0391 137439.8 21
  112.0756 412595.8 63
  113.071 80941.3 12
  115.0866 2447658 374
  116.0706 738112.2 112
  117.0698 800365.7 122
  121.1011 162937.5 24
  123.1169 79656.1 12
  124.0756 84888.1 12
  125.0708 116610.8 17
  125.0961 408061.3 62
  126.0549 1637293.2 250
  126.0912 808221.4 123
  127.0865 4104448.5 627
  128.0705 135752.7 20
  129.0657 282083.5 43
  130.0498 179953.2 27
  134.0963 2628211.2 401
  135.1165 130160.9 19
  137.0709 71963.6 11
  137.096 175653.7 26
  138.1276 582351.8 89
  139.0865 248709.7 38
  139.1115 92844.9 14
  140.0704 88079.8 13
  140.0816 101310.7 15
  141.0656 201743.7 30
  141.102 121680.8 18
  143.1066 1298163.1 198
  145.1012 194381.3 29
  147.0765 116291.7 17
  147.1166 90150.4 13
  150.1275 450770.7 68
  151.1115 320094.6 48
  151.1231 101503.7 15
  153.0657 79087 12
  153.1022 589870.6 90
  155.0813 5104039.5 780
  157.0971 284199.6 43
  157.1222 78322 11
  159.0766 93401.2 14
  160.1121 80797.7 12
  163.1116 481603.9 73
  165.1023 166331.8 25
  167.0814 439215.7 67
  167.1178 1259841.1 192
  167.1546 148324.9 22
  168.0768 360360.4 55
  168.1381 606407.4 92
  169.0606 244449 37
  169.1222 359288.8 54
  171.0763 487004.9 74
  171.1124 210042.7 32
  172.1086 160156.2 24
  173.1278 122654.3 18
  179.0448 73819 11
  179.1181 69278.4 10
  180.1382 295584.2 45
  181.0971 586783.3 89
  181.1213 260246.1 39
  183.1492 6091487.5 931
  185.0919 552430.3 84
  186.0881 305976.2 46
  186.1277 2220762.8 339
  186.1486 1457769.1 222
  187.0712 436882.9 66
  188.1029 96067.1 14
  190.1226 435342.5 66
  191.1056 407032.6 62
  193.0608 97262.7 14
  193.0975 138287.9 21
  195.076 84444.9 12
  195.1127 1624921.2 248
  195.149 222481 34
  196.0717 73083.5 11
  197.0558 86839 13
  197.0923 86674.7 13
  197.1284 291186.3 44
  198.1487 530973.1 81
  199.1077 171233.9 26
  201.1233 650087.2 99
  208.0719 119520.8 18
  208.1331 600485.1 91
  209.0926 125301.1 19
  211.1441 3050333.2 466
  212.0665 126274.5 19
  212.1393 515025.3 78
  213.1231 205873.7 31
  214.0824 169458.8 25
  216.1594 2720274.2 415
  217.1335 239166.8 36
  220.1077 125517.9 19
  221.0919 159082.1 24
  223.144 307637.5 47
  224.1037 223531.4 34
  224.1393 225818.9 34
  225.1592 159884.4 24
  226.0831 119454.6 18
  226.1197 111327.4 17
  226.1433 783410 119
  228.0978 202958.9 31
  229.155 77417.4 11
  231.1493 303213.6 46
  234.0877 128703.8 19
  235.1441 1479313.5 226
  238.119 602054.4 92
  239.1383 134813 20
  243.149 382469.4 58
  243.1708 232342.8 35
  244.0926 292037.1 44
  244.1541 670193.9 102
  248.1035 66451.6 10
  249.196 141246.7 21
  250.1182 191030.9 29
  252.1342 1677244.9 256
  253.1549 167118 25
  254.1139 561221.1 85
  259.1446 141979.9 21
  261.181 1006236.2 153
  262.165 845723.1 129
  263.139 434137.2 66
  264.0981 86439.7 13
  264.1339 123802 18
  266.1134 1887868 288
  266.1489 376924.3 57
  268.1651 139267.3 21
  269.1608 113038.2 17
  270.1814 490197.9 74
  271.1423 93084.1 14
  272.1237 192068 29
  278.1131 102219.3 15
  280.1656 831693.8 127
  280.2017 1278785.1 195
  282.1455 90124.4 13
  283.1399 360090.2 55
  295.2016 1426580.4 218
  298.1763 1650580.9 252
  300.1704 342866.1 52
  308.1968 1424957 217
  313.2121 6535324.5 999
  324.119 206667.9 31
  336.1926 199918 30
  337.1764 196095.5 29
  337.2226 406949.8 62
  340.2232 369960.4 56
  354.2019 317061.6 48
  358.2334 899201.4 137
  359.2168 649992.4 99
  372.213 843201.1 128
  376.1861 242515.8 37
  377.1716 130399.6 19
  381.2132 760774.6 116
  395.2288 1383188 211
  397.245 182566.6 27
  400.2057 231569.4 35
  422.1935 106086.5 16
  451.2552 339956.3 51
  460.2551 643260.1 98
  469.2658 476804.8 72
  478.2661 787598.4 120
  491.2495 191358 29
//
