ACCESSION: MSBNK-MLU-ED035205
RECORD_TITLE: Lyngbyazothrin A; LC-ESI-QFT; MS2; CE: 40%; R=17500; [M+H]+
DATE: 2024.02.23
AUTHORS: E. Janssen [dtc], F. Schanbacher [dtc], T. Niedermeyer [dtc], E. N. Zainuddin [dtc], S. Mundt [dtc], A. Dax [com]
LICENSE: CC BY-SA
COPYRIGHT: Copyright (C) Eawag 2023
COMMENT: CONFIDENCE 2a
COMMENT: CyanoMetDB_ID 352
CH$NAME: Lyngbyazothrin A
CH$NAME: 3-[(3S,12S,19S,28S,31E,34S,37R,40S)-37-[(2S)-butan-2-yl]-31-ethylidene-15-hydroxy-28-[(1R)-1-hydroxyethyl]-34-(hydroxymethyl)-25-[2-(4-methoxyphenyl)ethyl]-2,8,11,14,18,24,27,30,33,36,39-undecaoxo-16-(2,4,5-trihydroxy-7-methyloctyl)-1,7,10,13,17,23,26,29,32,35,38-undecazatetracyclo[38.3.0.03,7.019,23]tritetracontan-12-yl]propanamide
CH$COMPOUND_CLASS: Cyanobacterial metabolite
CH$FORMULA: C62H96N12O19
CH$EXACT_MASS: 1312.691469
CH$SMILES: CC[C@H](C)[C@@H]1C(=O)N[C@H](C(=O)N/C(=C/C)/C(=O)N[C@H](C(=O)NC(C(=O)N2CCC[C@H]2C(=O)NC(C(C(=O)N[C@H](C(=O)NCC(=O)N3CCC[C@H]3C(=O)N4CCC[C@H]4C(=O)N1)CCC(=O)N)O)CC(CC(C(CC(C)C)O)O)O)CCC5=CC=C(C=C5)OC)[C@@H](C)O)CO
CH$IUPAC: InChI=1S/C62H96N12O19/c1-8-33(5)50-58(88)69-42(31-75)55(85)65-38(9-2)54(84)71-51(34(6)76)59(89)67-40(21-18-35-16-19-37(93-7)20-17-35)61(91)73-25-10-13-43(73)56(86)68-41(28-36(77)29-47(79)46(78)27-32(3)4)52(82)60(90)66-39(22-23-48(63)80)53(83)64-30-49(81)72-24-12-15-45(72)62(92)74-26-11-14-44(74)57(87)70-50/h9,16-17,19-20,32-34,36,39-47,50-52,75-79,82H,8,10-15,18,21-31H2,1-7H3,(H2,63,80)(H,64,83)(H,65,85)(H,66,90)(H,67,89)(H,68,86)(H,69,88)(H,70,87)(H,71,84)/b38-9+/t33-,34+,36?,39-,40?,41?,42-,43-,44-,45-,46?,47?,50+,51-,52?/m0/s1
CH$LINK: PUBCHEM CID:44254417
CH$LINK: INCHIKEY ACFCYNJDAMJVRV-NPTOQFMUSA-N
CH$LINK: CHEMSPIDER 28286673
AC$INSTRUMENT: QExactive Plus
AC$INSTRUMENT_TYPE: LC-ESI-QFT
AC$MASS_SPECTROMETRY: MS_TYPE MS2
AC$MASS_SPECTROMETRY: ION_MODE POSITIVE
AC$MASS_SPECTROMETRY: IONIZATION ESI
AC$MASS_SPECTROMETRY: FRAGMENTATION_MODE HCD
AC$MASS_SPECTROMETRY: COLLISION_ENERGY 40 % (nominal)
AC$MASS_SPECTROMETRY: RESOLUTION 17500
AC$MASS_SPECTROMETRY: MASS_RANGE_M/Z 90-1360
AC$CHROMATOGRAPHY: COLUMN_NAME XBridge C18 3.5um, 2.1x50mm, Waters
AC$CHROMATOGRAPHY: FLOW_GRADIENT 90/10 at 0 min, 50/50 at 4 min, 5/95 at 17 min, 5/95 at 25 min, 90/10 at 25.1 min, 90/10 at 29.5 min
AC$CHROMATOGRAPHY: FLOW_RATE 400 uL/min
AC$CHROMATOGRAPHY: RETENTION_TIME 3.694 min
MS$FOCUSED_ION: BASE_PEAK 657.3533
MS$FOCUSED_ION: PRECURSOR_M/Z 1313.6987
MS$FOCUSED_ION: PRECURSOR_TYPE [M+H]+
MS$FOCUSED_ION: PRECURSOR_INTENSITY 165233481.16
MS$DATA_PROCESSING: RECALIBRATE loess on assigned fragments and MS1
MS$DATA_PROCESSING: REANALYZE Peaks with additional N2/O included
MS$DATA_PROCESSING: WHOLE RMassBank 3.11.2
PK$SPLASH: splash10-0459-0952000000-52fc0f40dc12c6715c16
PK$ANNOTATION: m/z tentative_formula formula_count mass error(ppm)
  91.0541 C7H7+ 1 91.0542 -1.85
  95.0492 C6H7O+ 1 95.0491 0.81
  96.0809 C6H10N+ 1 96.0808 1.46
  98.06 C5H8NO+ 1 98.06 -0.39
  99.0804 C6H11O+ 1 99.0804 -0.52
  101.0709 C4H9N2O+ 1 101.0709 -0.54
  107.0492 C7H7O+ 1 107.0491 0.48
  107.0856 C8H11+ 1 107.0855 0.26
  110.0602 C6H8NO+ 1 110.06 1.5
  112.0394 C5H6NO2+ 1 112.0393 1.02
  112.0757 C6H10NO+ 1 112.0757 0.06
  113.0711 C5H9N2O+ 1 113.0709 1.14
  115.0866 C5H11N2O+ 1 115.0866 -0.11
  116.0706 C5H10NO2+ 1 116.0706 -0.34
  121.0647 C8H9O+ 1 121.0648 -0.36
  123.1169 C9H15+ 1 123.1168 0.57
  124.0755 C7H10NO+ 1 124.0757 -1.22
  125.0711 C6H9N2O+ 1 125.0709 1.16
  125.0961 C8H13O+ 1 125.0961 0.26
  126.0549 C6H8NO2+ 1 126.055 -0.3
  126.0913 C7H12NO+ 1 126.0913 -0.12
  127.0865 C6H11N2O+ 1 127.0866 -0.43
  128.0706 C6H10NO2+ 1 128.0706 -0.31
  129.0658 C5H9N2O2+ 1 129.0659 -0.33
  130.0497 C5H8NO3+ 1 130.0499 -1.52
  135.1168 C10H15+ 1 135.1168 0.05
  137.0959 C9H13O+ 1 137.0961 -1.3
  138.1276 C9H16N+ 1 138.1277 -0.78
  139.0865 C7H11N2O+ 1 139.0866 -0.9
  139.1115 C9H15O+ 1 139.1117 -1.49
  140.0817 C6H10N3O+ 1 140.0818 -0.75
  141.0657 C6H9N2O2+ 1 141.0659 -1.14
  141.1019 C7H13N2O+ 1 141.1022 -2.39
  143.1066 C8H15O2+ 1 143.1067 -0.4
  145.1013 C11H13+ 1 145.1012 0.65
  147.0804 C10H11O+ 1 147.0804 -0.2
  150.1276 C10H16N+ 1 150.1277 -0.76
  151.1116 C10H15O+ 1 151.1117 -0.68
  151.1229 C9H15N2+ 1 151.123 -0.29
  153.0662 C7H9N2O2+ 1 153.0659 1.99
  153.1022 C8H13N2O+ 1 153.1022 -0.55
  155.0814 C7H11N2O2+ 1 155.0815 -0.89
  157.097 C7H13N2O2+ 1 157.0972 -0.7
  159.0764 C6H11N2O3+ 1 159.0764 -0.07
  163.1116 C11H15O+ 1 163.1117 -0.98
  164.1069 C10H14NO+ 1 164.107 -0.26
  165.1021 C9H13N2O+ 1 165.1022 -0.75
  167.0814 C8H11N2O2+ 1 167.0815 -0.33
  167.1178 C9H15N2O+ 1 167.1179 -0.38
  167.1544 C10H19N2+ 1 167.1543 1.03
  168.0768 C7H10N3O2+ 1 168.0768 0.01
  168.1381 C10H18NO+ 1 168.1383 -0.89
  169.0604 C7H9N2O3+ 1 169.0608 -1.9
  169.1222 C10H17O2+ 1 169.1223 -0.63
  171.0763 C7H11N2O3+ 1 171.0764 -0.91
  171.1127 C8H15N2O2+ 1 171.1128 -0.51
  172.108 C7H14N3O2+ 1 172.1081 -0.36
  173.1281 C8H17N2O2+ 1 173.1285 -1.93
  180.1384 C11H18NO+ 1 180.1383 0.41
  181.0972 C9H13N2O2+ 1 181.0972 0.25
  181.1208 C9H15N3O+ 1 181.121 -1.04
  183.0766 C8H11N2O3+ 1 183.0764 0.94
  183.1492 C10H19N2O+ 1 183.1492 0.01
  185.0921 C8H13N2O3+ 1 185.0921 0.07
  186.0873 C7H12N3O3+ 1 186.0873 0.04
  186.1488 C10H20NO2+ 1 186.1489 -0.28
  187.0712 C7H11N2O4+ 1 187.0713 -0.88
  190.1226 C12H16NO+ 1 190.1226 -0.05
  191.1063 C12H15O2+ 1 191.1067 -1.67
  193.061 C9H9N2O3+ 1 193.0608 1.16
  193.0971 C10H13N2O2+ 1 193.0972 -0.31
  193.1202 C8H13N6+ 2 193.1196 3.22
  195.1128 C10H15N2O2+ 1 195.1128 0.22
  195.1492 C11H19N2O+ 1 195.1492 0.18
  197.1283 C10H17N2O2+ 1 197.1285 -0.65
  198.1488 C11H20NO2+ 1 198.1489 -0.17
  199.1075 C9H15N2O3+ 1 199.1077 -1.08
  201.1234 C9H17N2O3+ 1 201.1234 -0.03
  208.1332 C12H18NO2+ 1 208.1332 -0.25
  209.1173 C12H17O3+ 1 209.1172 0.17
  211.1442 C11H19N2O2+ 1 211.1441 0.29
  212.1393 C10H18N3O2+ 1 212.1394 -0.1
  213.1233 C10H17N2O3+ 1 213.1234 -0.4
  214.0826 C8H12N3O4+ 3 214.0822 1.82
  216.1383 C14H18NO+ 2 216.1383 -0.06
  216.1595 C11H22NO3+ 1 216.1594 0.31
  220.108 C11H14N3O2+ 1 220.1081 -0.43
  221.0921 C11H13N2O3+ 1 221.0921 0.04
  223.1442 C12H19N2O2+ 1 223.1441 0.54
  224.1035 C10H14N3O3+ 2 224.103 2.32
  224.1387 C11H18N3O2+ 2 224.1394 -2.89
  225.1595 C12H21N2O2+ 2 225.1598 -1.03
  226.1434 C12H20NO3+ 2 226.1438 -1.65
  228.0979 C9H14N3O4+ 1 228.0979 0.22
  238.1187 C11H16N3O3+ 1 238.1186 0.5
  243.1703 C12H23N2O3+ 1 243.1703 -0.08
  244.093 C9H14N3O5+ 4 244.0928 0.96
  244.1542 C12H22NO4+ 1 244.1543 -0.41
  249.1962 C15H25N2O+ 4 249.1961 0.17
  250.1189 C12H16N3O3+ 2 250.1186 0.95
  252.1343 C12H18N3O3+ 1 252.1343 -0.04
  253.1548 C13H21N2O3+ 2 253.1547 0.7
  254.114 C11H16N3O4+ 3 254.1135 1.66
  261.1815 C12H25N2O4+ 3 261.1809 2.47
  262.1654 C12H24NO5+ 3 262.1649 1.75
  264.1339 C13H18N3O3+ 3 264.1343 -1.27
  265.1546 C14H21N2O3+ 4 265.1547 -0.16
  266.1135 C12H16N3O4+ 2 266.1135 -0.15
  266.1491 C11H18N6O2+ 3 266.1486 2.11
  267.2064 C15H27N2O2+ 5 267.2067 -1.06
  269.161 C12H21N4O3+ 2 269.1608 0.63
  270.181 C13H24N3O3+ 3 270.1812 -0.66
  271.1653 C13H23N2O4+ 3 271.1652 0.12
  272.1242 C11H18N3O5+ 4 272.1241 0.35
  280.1656 C14H22N3O3+ 4 280.1656 0.21
  280.2019 C15H26N3O2+ 5 280.202 -0.36
  281.1244 C12H17N4O4+ 5 281.1244 -0.22
  283.1399 C12H19N4O4+ 3 283.1401 -0.5
  283.2022 C2H35O14+ 6 283.2021 0.12
  293.1501 C2H29O15+ 7 293.1501 0
  294.1085 C13H16N3O5+ 6 294.1084 0.19
  294.1785 C13H22N6O2+ 5 294.1799 -4.74
  295.2016 C16H27N2O3+ 6 295.2016 -0.22
  298.1762 C14H24N3O4+ 6 298.1761 0.12
  301.1527 H25N6O12+ 6 301.1525 0.6
  308.1968 C16H26N3O3+ 7 308.1969 -0.26
  311.135 C12H13N11+ 7 311.135 -0.09
  313.2121 C16H29N2O4+ 7 313.2122 -0.12
  325.2163 C20H27N3O+ 6 325.2149 4.48
  331.1677 C21H21N3O+ 7 331.1679 -0.5
  340.2232 C17H30N3O4+ 10 340.2231 0.48
  355.1879 C18H23N6O2+ 10 355.1877 0.69
  358.2332 C16H26N10+ 11 358.2336 -1.14
  365.2187 C4H31N9O10+ 10 365.2188 -0.45
  377.2182 C19H29N4O4+ 9 377.2183 -0.39
  381.2135 C18H29N4O5+ 11 381.2132 0.55
  395.2288 C18H25N11+ 11 395.2289 -0.15
  400.2064 C16H28N6O6+ 11 400.2065 -0.13
  415.2555 C5H37N9O12+ 11 415.2556 -0.37
  441.2711 C7H39N9O12+ 11 441.2713 -0.35
  451.2552 C22H35N4O6+ 11 451.2551 0.24
  457.2299 C7H41N2O19+ 13 457.2298 0.19
  459.2849 C11H45N3O15+ 11 459.2845 0.79
PK$NUM_PEAK: 143
PK$PEAK: m/z int. rel.int.
  91.0541 422801.1 19
  95.0492 280064.7 12
  96.0809 271047 12
  98.06 3107408.5 142
  99.0804 1613290.6 74
  101.0709 1112898.2 51
  107.0492 320455.2 14
  107.0856 514507.8 23
  110.0602 254612.5 11
  112.0394 454640.8 20
  112.0757 1345450.2 61
  113.0711 249339.9 11
  115.0866 7059404.5 323
  116.0706 2342252.5 107
  121.0647 21770906 999
  123.1169 286688.4 13
  124.0755 242807.3 11
  125.0711 408850 18
  125.0961 1230679.9 56
  126.0549 5082778 233
  126.0913 2763815.5 126
  127.0865 13069171 599
  128.0706 384257.9 17
  129.0658 1030700.5 47
  130.0497 597306.7 27
  135.1168 299836.4 13
  137.0959 447659 20
  138.1276 1837590.6 84
  139.0865 808817.6 37
  139.1115 298016.5 13
  140.0817 253336.3 11
  141.0657 579232.6 26
  141.1019 493054.1 22
  143.1066 4314445.5 197
  145.1013 624542.4 28
  147.0804 1531165.6 70
  150.1276 1572033 72
  151.1116 957111.6 43
  151.1229 264447.7 12
  153.0662 247756 11
  153.1022 1878442.4 86
  155.0814 15693096 720
  157.097 751778.5 34
  159.0764 327001.3 15
  163.1116 1404495.8 64
  164.1069 6190280.5 284
  165.1021 397396.9 18
  167.0814 1140124.1 52
  167.1178 3982404.8 182
  167.1544 513327.4 23
  168.0768 1118472.6 51
  168.1381 1675425.8 76
  169.0604 681024 31
  169.1222 1135877.8 52
  171.0763 1495682.4 68
  171.1127 735998.2 33
  172.108 478961.4 21
  173.1281 415310.7 19
  180.1384 848863.8 38
  181.0972 1885179.1 86
  181.1208 603179.8 27
  183.0766 958916.3 44
  183.1492 18997670 871
  185.0921 1082388 49
  186.0873 901667.8 41
  186.1488 4447921 204
  187.0712 1383447.5 63
  190.1226 921008.2 42
  191.1063 1290326.9 59
  193.061 343193.1 15
  193.0971 446658.1 20
  193.1202 377649.2 17
  195.1128 4967754 227
  195.1492 735978.2 33
  197.1283 887450.8 40
  198.1488 1433551.8 65
  199.1075 517447.4 23
  201.1234 2014929 92
  208.1332 1904978.2 87
  209.1173 431213 19
  211.1442 9764524 448
  212.1393 1474491.4 67
  213.1233 622746.3 28
  214.0826 655119.6 30
  216.1383 6245087 286
  216.1595 8018042 367
  220.108 341373.4 15
  221.0921 440462.2 20
  223.1442 793062.8 36
  224.1035 631641.6 28
  224.1387 726189.4 33
  225.1595 464974.1 21
  226.1434 2335791 107
  228.0979 601820.4 27
  238.1187 1598778 73
  243.1703 901785.9 41
  244.093 878713.6 40
  244.1542 2067999.4 94
  249.1962 425246.3 19
  250.1189 518179.1 23
  252.1343 5065997.5 232
  253.1548 568962.9 26
  254.114 1295890.6 59
  261.1815 3017793 138
  262.1654 2763122.2 126
  264.1339 354721.7 16
  265.1546 4397537.5 201
  266.1135 5477424 251
  266.1491 1278087.1 58
  267.2064 561803.2 25
  269.161 325493.8 14
  270.181 1350703.4 61
  271.1653 918517.2 42
  272.1242 747860.6 34
  280.1656 2765883.8 126
  280.2019 3566530.5 163
  281.1244 461312.1 21
  283.1399 1130944.4 51
  283.2022 265896.3 12
  293.1501 664684 30
  294.1085 318596.7 14
  294.1785 466856.2 21
  295.2016 4061268.2 186
  298.1762 5140302 235
  301.1527 587653.3 26
  308.1968 4131494.8 189
  311.135 309628.1 14
  313.2121 18709984 858
  325.2163 829412 38
  331.1677 683351.9 31
  340.2232 900349.1 41
  355.1879 466521.7 21
  358.2332 2480758.5 113
  365.2187 1221600.2 56
  377.2182 1796079.4 82
  381.2135 2040749.2 93
  395.2288 3431275.5 157
  400.2064 484392.1 22
  415.2555 646974.4 29
  441.2711 693402.3 31
  451.2552 879966.6 40
  457.2299 329686.9 15
  459.2849 354493.9 16
//
