ACCESSION: MSBNK-MLU-ED025906
RECORD_TITLE: Tychonamide B; LC-ESI-QFT; MS2; CE: 50%; R=15000; [M+H]+
DATE: 2024.02.23
AUTHORS: E. Janssen [dtc], F. Schanbacher [dtc], T. Niedermeyer [dtc], C. Mehner  [dtc], G. M. Koenig  [dtc], A. Dax [com]
LICENSE: CC BY-SA
COPYRIGHT: Copyright (C) Eawag 2023
COMMENT: CONFIDENCE 1
COMMENT: CyanoMetDB_ID 259
CH$NAME: Tychonamide B
CH$NAME: [1-[(3S,12R,19S,25R,28S,31E,34S,37R,40S)-12-(3-amino-3-oxopropyl)-37-[(2S)-butan-2-yl]-31-ethylidene-15-hydroxy-28-[(1R)-1-hydroxyethyl]-34-(hydroxymethyl)-2,8,11,14,18,24,27,30,33,36,39-undecaoxo-25-(2-phenylethyl)-1,7,10,13,17,23,26,29,32,35,38-undecazatetracyclo[38.3.0.03,7.019,23]tritetracontan-16-yl]-4-hydroxy-5-phenylpentan-2-yl] (2S)-2-[acetyl(methyl)amino]-4-methylpentanoate
CH$NAME: 1-((6R,9S,15S,18R,20aS,25aS,34R,40aS,E)-34-(3-amino-3-oxopropyl)-18-((S)-sec-butyl)-12-ethylidene-37-hydroxy-9-((R)-1-hydroxyethyl)-15-(hydroxymethyl)-5,8,11,14,17,20,25,30,33,36,40-undecaoxo-6-phenethyloctatriacontahydro-1H,25H-tripyrrolo[1,2-b1:1`,2`-g:1``,2``-j][1,4,7,10,13,16,19,22,25,28,31]undecaazacyclotetratriacontin-38-yl)-4-hydroxy-5-phenylpentan-2-yl N-acetyl-N-methyl-L-leucinate
CH$COMPOUND_CLASS: Cyanobacterial metabolite
CH$FORMULA: C72H105N13O19
CH$EXACT_MASS: 1455.764968
CH$SMILES: O=C([C@@H](CCC(N)=O)NC1=O)NCC(N2[C@@H](CCC2)C(N3[C@@H](CCC3)C(N[C@H]([C@@H](C)CC)C(N[C@@H](CO)C(N/C(C(N[C@@H]([C@@H](C)O)C(N[C@H](CCC4=CC=CC=C4)C(N5[C@@H](CCC5)C(NC(CC(OC([C@H](CC(C)C)N(C)C(C)=O)=O)CC(O)CC6=CC=CC=C6)C1O)=O)=O)=O)=O)=C/C)=O)=O)=O)=O)=O
CH$IUPAC: InChI=1S/C72H105N13O19/c1-9-41(5)59-67(98)79-52(39-86)64(95)75-48(10-2)63(94)81-60(42(6)87)68(99)77-50(28-27-44-20-13-11-14-21-44)70(101)84-32-17-24-53(84)65(96)78-51(37-47(36-46(89)35-45-22-15-12-16-23-45)104-72(103)56(34-40(3)4)82(8)43(7)88)61(92)69(100)76-49(29-30-57(73)90)62(93)74-38-58(91)83-31-19-26-55(83)71(102)85-33-18-25-54(85)66(97)80-59/h10-16,20-23,40-42,46-47,49-56,59-61,86-87,89,92H,9,17-19,24-39H2,1-8H3,(H2,73,90)(H,74,93)(H,75,95)(H,76,100)(H,77,99)(H,78,96)(H,79,98)(H,80,97)(H,81,94)/b48-10+/t41-,42+,46?,47?,49+,50+,51?,52-,53-,54-,55-,56-,59+,60-,61?/m0/s1
CH$LINK: PUBCHEM CID:155802199
CH$LINK: INCHIKEY MTUBMTPWQGVXCG-UDDZTRNDSA-N
CH$LINK: ChemOnt CHEMONTID:0000013; Organic compounds; Organic acids and derivatives; Carboxylic acids and derivatives; Amino acids, peptides, and analogues
AC$INSTRUMENT: QExactive Plus
AC$INSTRUMENT_TYPE: LC-ESI-QFT
AC$MASS_SPECTROMETRY: MS_TYPE MS2
AC$MASS_SPECTROMETRY: ION_MODE POSITIVE
AC$MASS_SPECTROMETRY: IONIZATION ESI
AC$MASS_SPECTROMETRY: FRAGMENTATION_MODE HCD
AC$MASS_SPECTROMETRY: COLLISION_ENERGY 50 % (nominal)
AC$MASS_SPECTROMETRY: RESOLUTION 15000
AC$MASS_SPECTROMETRY: MASS_RANGE_M/Z 100-1505
AC$CHROMATOGRAPHY: COLUMN_NAME XBridge C18 3.5um, 2.1x50mm, Waters
AC$CHROMATOGRAPHY: FLOW_GRADIENT 90/10 at 0 min, 50/50 at 4 min, 5/95 at 17 min, 5/95 at 25 min, 90/10 at 25.1 min, 90/10 at 29.5 min
AC$CHROMATOGRAPHY: FLOW_RATE 400 uL/min
AC$CHROMATOGRAPHY: RETENTION_TIME 4.727 min
MS$FOCUSED_ION: BASE_PEAK 1456.7718
MS$FOCUSED_ION: PRECURSOR_M/Z 1456.7722
MS$FOCUSED_ION: PRECURSOR_TYPE [M+H]+
MS$FOCUSED_ION: PRECURSOR_INTENSITY 1343738412.62
MS$DATA_PROCESSING: RECALIBRATE loess on assigned fragments and MS1
MS$DATA_PROCESSING: REANALYZE Peaks with additional N2/O included
MS$DATA_PROCESSING: WHOLE RMassBank 3.11.2
PK$SPLASH: splash10-003u-0920000000-1ef91253a845e13584de
PK$ANNOTATION: m/z tentative_formula formula_count mass error(ppm)
  101.0709 C4H9N2O+ 1 101.0709 -0.58
  103.0493 CH5N5O+ 1 103.0489 4.61
  105.0335 C7H5O+ 1 105.0335 -0.12
  105.07 C8H9+ 1 105.0699 1.47
  106.0653 C7H8N+ 1 106.0651 1.95
  107.0493 C7H7O+ 1 107.0491 1.38
  109.076 C6H9N2+ 1 109.076 -0.54
  110.06 C6H8NO+ 1 110.06 -0.71
  111.0552 C5H7N2O+ 1 111.0553 -1.11
  111.0918 C6H11N2+ 1 111.0917 1.09
  112.0392 C5H6NO2+ 1 112.0393 -1.2
  112.0757 C6H10NO+ 1 112.0757 0.03
  113.071 C5H9N2O+ 1 113.0709 0.79
  114.0914 C6H12NO+ 1 114.0913 0.41
  115.0544 C9H7+ 1 115.0542 1.4
  115.0866 C5H11N2O+ 1 115.0866 -0.25
  116.0706 C5H10NO2+ 1 116.0706 -0.15
  117.0698 C9H9+ 1 117.0699 -0.29
  121.0648 C8H9O+ 1 121.0648 -0.26
  122.0962 C8H12N+ 1 122.0964 -1.52
  125.0709 C6H9N2O+ 1 125.0709 -0.23
  126.055 C6H8NO2+ 1 126.055 0.02
  126.0913 C7H12NO+ 1 126.0913 -0.41
  127.0865 C6H11N2O+ 1 127.0866 -0.43
  128.0619 C10H8+ 1 128.0621 -1.43
  128.0707 C6H10NO2+ 1 128.0706 0.53
  129.0703 C10H9+ 1 129.0699 3.25
  130.0496 C5H8NO3+ 1 130.0499 -2
  131.0856 C10H11+ 1 131.0855 0.51
  134.0963 C9H12N+ 1 134.0964 -0.61
  137.0707 C7H9N2O+ 1 137.0709 -1.45
  137.107 C8H13N2+ 1 137.1073 -2.62
  138.055 C7H8NO2+ 1 138.055 0.04
  138.1276 C9H16N+ 1 138.1277 -0.86
  139.0501 C6H7N2O2+ 1 139.0502 -0.49
  139.0865 C7H11N2O+ 1 139.0866 -0.78
  140.0705 C7H10NO2+ 1 140.0706 -0.73
  140.0818 C6H10N3O+ 1 140.0818 -0.32
  142.1226 C8H16NO+ 1 142.1226 -0.24
  143.0856 C11H11+ 1 143.0855 0.2
  145.0654 C10H9O+ 1 145.0648 4.17
  146.0971 C10H12N+ 1 146.0964 4.32
  146.1174 C7H16NO2+ 1 146.1176 -1.19
  147.0809 C10H11O+ 1 147.0804 2.79
  151.0505 C7H7N2O2+ 1 151.0502 2.23
  151.0866 C8H11N2O+ 1 151.0866 0.06
  151.1229 C9H15N2+ 1 151.123 -0.3
  153.0657 C7H9N2O2+ 1 153.0659 -0.86
  153.1022 C8H13N2O+ 1 153.1022 -0.11
  155.0454 C6H7N2O3+ 1 155.0451 1.54
  155.0814 C7H11N2O2+ 1 155.0815 -0.48
  156.0654 C7H10NO3+ 1 156.0655 -0.89
  159.0766 C6H11N2O3+ 1 159.0764 1.24
  160.112 C11H14N+ 1 160.1121 -0.46
  161.096 C11H13O+ 1 161.0961 -0.78
  165.102 C9H13N2O+ 1 165.1022 -1.19
  167.0851 C13H11+ 1 167.0855 -2.77
  167.1176 C9H15N2O+ 1 167.1179 -1.94
  167.1542 C10H19N2+ 1 167.1543 -0.35
  168.0768 C7H10N3O2+ 1 168.0768 0.43
  169.0607 C7H9N2O3+ 1 169.0608 -0.15
  169.1009 C13H13+ 1 169.1012 -1.52
  170.1175 C9H16NO2+ 1 170.1176 -0.47
  171.0763 C7H11N2O3+ 1 171.0764 -0.47
  172.1119 C12H14N+ 1 172.1121 -1.08
  173.0943 C10H11N3+ 1 173.0947 -2.44
  173.1279 C8H17N2O2+ 2 173.1285 -3.05
  174.1274 C12H16N+ 1 174.1277 -2.11
  177.1021 C10H13N2O+ 1 177.1022 -0.53
  179.0447 C8H7N2O3+ 2 179.0451 -2.55
  179.1176 C10H15N2O+ 1 179.1179 -1.37
  181.0611 C8H9N2O3+ 1 181.0608 1.78
  181.097 C9H13N2O2+ 1 181.0972 -0.71
  183.0766 C8H11N2O3+ 1 183.0764 1.18
  183.1491 C10H19N2O+ 1 183.1492 -0.75
  184.0722 C7H10N3O3+ 2 184.0717 3.01
  184.1116 C13H14N+ 1 184.1121 -2.39
  185.0947 C11H11N3+ 1 185.0947 -0.2
  186.0883 C9H14O4+ 1 186.0887 -1.69
  186.1275 C13H16N+ 1 186.1277 -1.13
  187.0712 C7H11N2O4+ 1 187.0713 -0.75
  187.1111 C13H15O+ 2 187.1117 -3.62
  190.1225 C12H16NO+ 1 190.1226 -0.56
  191.0447 C9H7N2O3+ 1 191.0451 -1.97
  191.0813 C10H11N2O2+ 1 191.0815 -0.82
  191.1179 C11H15N2O+ 1 191.1179 0.25
  193.0608 C9H9N2O3+ 1 193.0608 0.27
  193.0973 C10H13N2O2+ 1 193.0972 0.62
  193.1187 C7H17N2O4+ 2 193.1183 2.38
  195.0803 C14H11O+ 2 195.0804 -0.8
  195.1124 C8H13N5O+ 2 195.1115 4.6
  195.149 C11H19N2O+ 1 195.1492 -1.07
  196.0717 C8H10N3O3+ 1 196.0717 0.36
  197.056 C8H9N2O4+ 1 197.0557 1.71
  197.0946 C12H11N3+ 1 197.0947 -0.63
  197.1282 C10H17N2O2+ 1 197.1285 -1.48
  199.108 C9H15N2O3+ 1 199.1077 1.41
  200.1059 C11H12N4+ 1 200.1056 1.14
  201.123 C9H17N2O3+ 2 201.1234 -1.71
  202.0831 C7H12N3O4+ 3 202.0822 4.17
  202.1225 C13H16NO+ 1 202.1226 -0.91
  207.113 C11H15N2O2+ 1 207.1128 0.78
  208.0715 C9H10N3O3+ 1 208.0717 -0.86
  209.0554 C9H9N2O4+ 2 209.0557 -1.56
  209.0915 C10H13N2O3+ 2 209.0921 -2.91
  209.1285 C11H17N2O2+ 1 209.1285 0.4
  211.1438 C11H19N2O2+ 1 211.1441 -1.27
  212.0663 C8H10N3O4+ 1 212.0666 -1.1
  212.1067 H16N6O7+ 2 212.1075 -3.65
  212.1378 C8H16N6O+ 1 212.138 -1.11
  213.0902 C14H13O2+ 2 213.091 -3.59
  214.0822 C8H12N3O4+ 1 214.0822 -0.31
  217.1329 C13H17N2O+ 2 217.1335 -2.92
  220.1079 C11H14N3O2+ 1 220.1081 -0.7
  220.1328 C13H18NO2+ 2 220.1332 -1.76
  221.0918 C11H13N2O3+ 2 221.0921 -1.36
  223.1433 C10H17N5O+ 2 223.1428 2.29
  224.1384 C9H16N6O+ 2 224.138 1.54
  225.122 C9H15N5O2+ 1 225.122 -0.21
  226.0823 C9H12N3O4+ 1 226.0822 0.18
  226.1184 C10H16N3O3+ 2 226.1186 -1.14
  227.0656 C8H5N9+ 3 227.0662 -2.87
  230.1171 C14H16NO2+ 3 230.1176 -1.82
  232.1081 C12H14N3O2+ 1 232.1081 0.19
  233.0919 C12H13N2O3+ 1 233.0921 -0.57
  234.088 C11H12N3O3+ 2 234.0873 3.03
  235.1436 C13H19N2O2+ 3 235.1441 -2.02
  238.1182 C11H16N3O3+ 2 238.1186 -1.69
  240.101 H20N2O12+ 3 240.1011 -0.51
  242.1495 C11H20N3O3+ 2 242.1499 -1.89
  243.1489 C15H19N2O+ 5 243.1492 -1.17
  244.0914 C7H12N6O4+ 1 244.0915 -0.15
  247.1437 C14H19N2O2+ 4 247.1441 -1.59
  248.1026 C12H14N3O3+ 2 248.103 -1.3
  248.1278 C14H18NO3+ 3 248.1281 -1.14
  249.0855 C10H11N5O3+ 1 249.0856 -0.36
  250.1186 C12H16N3O3+ 1 250.1186 -0.08
  252.1339 C12H18N3O3+ 2 252.1343 -1.31
  253.1703 C3H23N7O6+ 5 253.1704 -0.42
  254.1131 C11H16N3O4+ 2 254.1135 -1.88
  254.1513 C14H22O4+ 2 254.1513 0.07
  257.1283 C15H17N2O2+ 5 257.1285 -0.41
  260.1027 C13H14N3O3+ 3 260.103 -1.19
  263.1386 C14H19N2O3+ 4 263.139 -1.76
  264.0983 C12H14N3O4+ 3 264.0979 1.64
  265.1543 H23N7O9+ 4 265.1552 -3.42
  266.113 C12H16N3O4+ 2 266.1135 -2.14
  266.149 C11H18N6O2+ 2 266.1486 1.73
  271.18 C17H23N2O+ 6 271.1805 -1.83
  277.1293 C13H17N4O3+ 4 277.1295 -0.67
  278.1142 H24NO15+ 6 278.114 0.48
  280.1653 C14H22N3O3+ 4 280.1656 -0.97
  281.1247 C12H17N4O4+ 3 281.1244 0.92
  281.164 C2H21N10O6+ 8 281.164 -0.02
  283.1403 C12H19N4O4+ 3 283.1401 0.82
  295.1424 C16H17N5O+ 7 295.1428 -1.21
  296.126 CH22N5O12+ 8 296.1259 0.28
  298.1764 H26N8O10+ 5 298.1766 -0.76
  300.1711 C3H24N8O8+ 8 300.1712 -0.1
  306.1094 C15H12N7O+ 8 306.1098 -1.21
  313.1544 C18H21N2O3+ 6 313.1547 -0.85
  317.1867 C5H33O14+ 7 317.1865 0.64
  323.1373 C17H17N5O2+ 7 323.1377 -1.26
  341.1494 C19H21N2O4+ 7 341.1496 -0.61
  346.1769 C5H32NO15+ 9 346.1766 0.71
  380.1595 C5H22N11O9+ 10 380.1596 -0.42
  395.2296 C6H39N2O16+ 11 395.2294 0.58
PK$NUM_PEAK: 167
PK$PEAK: m/z int. rel.int.
  101.0709 12548612 83
  103.0493 4862343.5 32
  105.0335 1624701.9 10
  105.07 1851255.2 12
  106.0653 3498693.5 23
  107.0493 4886715.5 32
  109.076 1728799.5 11
  110.06 7390923 49
  111.0552 2172322.2 14
  111.0918 2413062.5 16
  112.0392 4814680.5 31
  112.0757 11253171 74
  113.071 4281015.5 28
  114.0914 2417387.8 16
  115.0544 7724190 51
  115.0866 34565796 229
  116.0706 17497274 116
  117.0698 48259720 320
  121.0648 5075252 33
  122.0962 1529353.5 10
  125.0709 9376950 62
  126.055 38649364 256
  126.0913 19701932 130
  127.0865 100755824 668
  128.0619 5323433.5 35
  128.0707 6435973.5 42
  129.0703 22591682 149
  130.0496 2475048 16
  131.0856 4838564 32
  134.0963 60378256 400
  137.0707 5398951 35
  137.107 1791121.9 11
  138.055 3221297.8 21
  138.1276 9870403 65
  139.0501 3282131.8 21
  139.0865 12174532 80
  140.0705 4320924 28
  140.0818 3877708 25
  142.1226 130726240 867
  143.0856 24736486 164
  145.0654 1698566.2 11
  146.0971 2363596.8 15
  146.1174 6898652 45
  147.0809 3824660 25
  151.0505 2135599.2 14
  151.0866 3259403.8 21
  151.1229 3853842.8 25
  153.0657 3904873.8 25
  153.1022 11760574 78
  155.0454 16818024 111
  155.0814 98373032 652
  156.0654 1837690 12
  159.0766 2832203 18
  160.112 3721454.5 24
  161.096 4823506.5 31
  165.102 5162646 34
  167.0851 44614500 295
  167.1176 24966156 165
  167.1542 6099279.5 40
  168.0768 7510301.5 49
  169.0607 10979765 72
  169.1009 13292787 88
  170.1175 19088714 126
  171.0763 10693012 70
  172.1119 31432244 208
  173.0943 10767376 71
  173.1279 3067893.5 20
  174.1274 2803780.5 18
  177.1021 2097380.5 13
  179.0447 3631757.8 24
  179.1176 4156497.5 27
  181.0611 3786604.5 25
  181.097 8207495.5 54
  183.0766 9188191 60
  183.1491 150615024 999
  184.0722 4469674.5 29
  184.1116 10059916 66
  185.0947 20394952 135
  186.0883 6383528.5 42
  186.1275 55164364 365
  187.0712 9525980 63
  187.1111 1765634.4 11
  190.1225 18242110 120
  191.0447 2692793.5 17
  191.0813 1921229 12
  191.1179 2986902 19
  193.0608 2510096 16
  193.0973 4523468 30
  193.1187 2226829.2 14
  195.0803 19297808 127
  195.1124 21933782 145
  195.149 7417272.5 49
  196.0717 3308287.5 21
  197.056 3078776.8 20
  197.0946 3851295.2 25
  197.1282 20055414 133
  199.108 2071665.9 13
  200.1059 3588339 23
  201.123 14029536 93
  202.0831 1866430.4 12
  202.1225 19874594 131
  207.113 3037089.2 20
  208.0715 2819887 18
  209.0554 2335071.5 15
  209.0915 2027371 13
  209.1285 2531525 16
  211.1438 34569828 229
  212.0663 8290562 54
  212.1067 20618342 136
  212.1378 5130481 34
  213.0902 9642439 63
  214.0822 4596703.5 30
  217.1329 5197892.5 34
  220.1079 3253813 21
  220.1328 7119418.5 47
  221.0918 6799714.5 45
  223.1433 4066695.2 26
  224.1384 2985366.5 19
  225.122 2314552.5 15
  226.0823 3647062 24
  226.1184 2298367.2 15
  227.0656 2643578.5 17
  230.1171 26081336 172
  232.1081 1769182.5 11
  233.0919 1975370.6 13
  234.088 1958228.9 12
  235.1436 20960962 139
  238.1182 7378905.5 48
  240.101 2571818.2 17
  242.1495 3037092.2 20
  243.1489 7377102 48
  244.0914 4573527.5 30
  247.1437 9712350 64
  248.1026 2147732.8 14
  248.1278 6448771.5 42
  249.0855 2084256.1 13
  250.1186 3429217.8 22
  252.1339 9897280 65
  253.1703 5258178.5 34
  254.1131 5368107.5 35
  254.1513 3405120.8 22
  257.1283 3678648.8 24
  260.1027 4309648 28
  263.1386 1529582.4 10
  264.0983 4260924 28
  265.1543 8066693.5 53
  266.113 14066913 93
  266.149 6476773.5 42
  271.18 8940936 59
  277.1293 4794202 31
  278.1142 5578840 37
  280.1653 8241692.5 54
  281.1247 4947709 32
  281.164 4067668.8 26
  283.1403 2762939.5 18
  295.1424 2144894.8 14
  296.126 3926982.8 26
  298.1764 11278790 74
  300.1711 4807025.5 31
  306.1094 3266186 21
  313.1544 2532693 16
  317.1867 20494534 135
  323.1373 4146965.8 27
  341.1494 5328117 35
  346.1769 2635128.8 17
  380.1595 2968591.2 19
  395.2296 2925178 19
//
