ACCESSION: MSBNK-Eawag-EQ01120352
RECORD_TITLE: Azadirachtin A; LC-ESI-QFT; MS2; CE: 30%; R=17500; [M-H]-
DATE: 2026.02.25
AUTHORS: G. Martella [dtc], B. Beck [dtc,com], L. Aisch [dtc]
LICENSE: CC BY-SA
COPYRIGHT: Copyright (C) Eawag 2026
COMMENT: CONFIDENCE standard compound
COMMENT: UCHEM_ID 11203
CH$NAME: Azadirachtin A
CH$NAME: dimethyl 12-acetyloxy-4,7-dihydroxy-6-(2-hydroxy-11-methyl-5,7,10-trioxatetracyclo[6.3.1.02,6.09,11]dodec-3-en-9-yl)-6-methyl-14-(2-methylbut-2-enoyloxy)-3,9-dioxatetracyclo[6.6.1.01,5.011,15]pentadecane-4,11-dicarboxylate
CH$COMPOUND_CLASS: N/A; Environmental Standard
CH$FORMULA: C35H44O16
CH$EXACT_MASS: 720.26293531
CH$SMILES: CC=C(C)C(=O)OC1CC(C2(COC3C2C14COC(C4C(C3O)(C)C56C7CC(C5(O6)C)C8(C=COC8O7)O)(C(=O)OC)O)C(=O)OC)OC(=O)C
CH$IUPAC: InChI=1S/C35H44O16/c1-8-15(2)24(38)49-18-12-19(48-16(3)36)32(26(39)43-6)13-46-21-22(32)31(18)14-47-34(42,27(40)44-7)25(31)29(4,23(21)37)35-20-11-17(30(35,5)51-35)33(41)9-10-45-28(33)50-20/h8-10,17-23,25,28,37,41-42H,11-14H2,1-7H3
CH$LINK: PUBCHEM CID:2263
CH$LINK: INCHIKEY FTNJWQUOZFUQQJ-UHFFFAOYSA-N
CH$LINK: ChemOnt CHEMONTID:0001553; Organic compounds; Lipids and lipid-like molecules; Prenol lipids; Triterpenoids
AC$INSTRUMENT: Exploris 240 Orbitrap Thermo Scientific
AC$INSTRUMENT_TYPE: LC-ESI-QFT
AC$MASS_SPECTROMETRY: MS_TYPE MS2
AC$MASS_SPECTROMETRY: ION_MODE NEGATIVE
AC$MASS_SPECTROMETRY: IONIZATION ESI
AC$MASS_SPECTROMETRY: FRAGMENTATION_MODE HCD
AC$MASS_SPECTROMETRY: COLLISION_ENERGY 30 % (nominal)
AC$MASS_SPECTROMETRY: RESOLUTION 17500
AC$MASS_SPECTROMETRY: MASS_RANGE_M/Z 75-755
AC$CHROMATOGRAPHY: COLUMN_NAME XBridge C18 3.5um, 2.1x50mm, Waters
AC$CHROMATOGRAPHY: FLOW_GRADIENT 90/10 at 0 min, 50/50 at 4 min, 5/95 at 17 min, 5/95 at 25 min, 90/10 at 25.1 min, 90/10 at 30 min
AC$CHROMATOGRAPHY: FLOW_RATE 200 uL/min
AC$CHROMATOGRAPHY: RETENTION_TIME 6.692 min
MS$FOCUSED_ION: BASE_PEAK 765.2619
MS$FOCUSED_ION: PRECURSOR_M/Z 719.2557
MS$FOCUSED_ION: PRECURSOR_TYPE [M-H]-
MS$DATA_PROCESSING: RECALIBRATE loess on assigned fragments and MS1
MS$DATA_PROCESSING: REANALYZE Peaks with additional N2/O included
MS$DATA_PROCESSING: WHOLE RMassBank 3.20.0
PK$SPLASH: splash10-0002-6940300000-64dbfde8e11e41be0a9d
PK$ANNOTATION: m/z tentative_formula formula_count mass error(ppm)
  83.0138 C4H3O2- 1 83.0139 -0.8
  85.0295 C4H5O2- 1 85.0295 -0.3
  87.0086 C3H3O3- 1 87.0088 -1.86
  93.0347 C6H5O- 1 93.0346 1.03
  95.0504 C6H7O- 1 95.0502 1.57
  97.0295 C5H5O2- 1 97.0295 0.28
  99.0088 C4H3O3- 1 99.0088 0.26
  99.0451 C5H7O2- 1 99.0452 -0.06
  101.0243 C4H5O3- 1 101.0244 -1.14
  103.0036 C3H3O4- 1 103.0037 -0.76
  107.0503 C7H7O- 1 107.0502 0.2
  109.0295 C6H5O2- 1 109.0295 -0.09
  111.0088 C5H3O3- 1 111.0088 0.72
  111.0452 C6H7O2- 1 111.0452 0.22
  113.0242 C5H5O3- 1 113.0244 -1.55
  115.0042 C4H3O4- 1 115.0037 4.64
  121.0294 C7H5O2- 1 121.0295 -0.51
  121.0658 C8H9O- 1 121.0659 -0.77
  122.0371 C7H6O2- 1 122.0373 -1.93
  123.0452 C7H7O2- 1 123.0452 0.38
  123.0812 C8H11O- 1 123.0815 -2.85
  125.0245 C6H5O3- 1 125.0244 0.71
  125.0604 C7H9O2- 1 125.0608 -2.84
  127.04 C6H7O3- 1 127.0401 -0.3
  129.0706 C10H9- 1 129.071 -3.13
  133.0656 C9H9O- 1 133.0659 -2.11
  135.045 C8H7O2- 1 135.0452 -0.85
  137.0248 C7H5O3- 1 137.0244 2.5
  137.0607 C8H9O2- 1 137.0608 -0.9
  139.0403 C7H7O3- 1 139.0401 1.74
  145.0656 C10H9O- 1 145.0659 -2.22
  147.0451 C9H7O2- 1 147.0452 -0.41
  147.0814 C10H11O- 1 147.0815 -0.99
  149.0607 C9H9O2- 1 149.0608 -0.75
  150.0316 C8H6O3- 1 150.0322 -4.01
  151.0399 C8H7O3- 1 151.0401 -1.22
  153.0554 C8H9O3- 1 153.0557 -2.34
  157.0657 C11H9O- 1 157.0659 -1.11
  159.0447 C10H7O2- 1 159.0452 -3
  159.0811 C11H11O- 1 159.0815 -2.96
  161.0605 C10H9O2- 1 161.0608 -1.77
  163.0397 C9H7O3- 1 163.0401 -2.1
  163.0757 C10H11O2- 1 163.0765 -4.68
  165.0557 C9H9O3- 1 165.0557 -0.07
  167.035 C8H7O4- 1 167.035 0.22
  167.0713 C9H11O3- 1 167.0714 -0.2
  170.0731 C12H10O- 1 170.0737 -3.55
  171.0811 C12H11O- 1 171.0815 -2.43
  173.0606 C11H9O2- 1 173.0608 -0.97
  175.0409 C10H7O3- 1 175.0401 4.8
  175.0766 C11H11O2- 1 175.0765 0.74
  176.0476 C10H8O3- 1 176.0479 -1.53
  177.0557 C10H9O3- 1 177.0557 0.14
  185.0971 C13H13O- 1 185.0972 -0.53
  187.0768 C12H11O2- 1 187.0765 1.76
  189.0551 C11H9O3- 1 189.0557 -3.1
  189.0914 C12H13O2- 1 189.0921 -3.87
  191.0716 C11H11O3- 1 191.0714 0.96
  193.0506 C10H9O4- 1 193.0506 -0.08
  194.0585 C10H10O4- 1 194.0585 0.26
  199.0766 C13H11O2- 1 199.0765 0.7
  201.0567 C12H9O3- 1 201.0557 4.94
  201.0924 C13H13O2- 1 201.0921 1.63
  203.0714 C12H11O3- 1 203.0714 0.33
  203.1076 C13H15O2- 1 203.1078 -0.69
  205.05 C11H9O4- 1 205.0506 -3.18
  211.0608 C10H11O5- 1 211.0612 -2.11
  213.092 C14H13O2- 1 213.0921 -0.62
  214.0631 C13H10O3- 1 214.0635 -2.07
  215.0709 C13H11O3- 1 215.0714 -1.97
  217.0499 C12H9O4- 1 217.0506 -3.37
  217.0873 C13H13O3- 1 217.087 1.16
  219.066 C12H11O4- 1 219.0663 -1.37
  227.0705 C14H11O3- 1 227.0714 -3.98
  229.0871 C14H13O3- 1 229.087 0.53
  231.0655 C13H11O4- 1 231.0663 -3.44
  235.0604 C12H11O5- 1 235.0612 -3.25
  245.082 C14H13O4- 1 245.0819 0.27
  247.0968 C14H15O4- 1 247.0976 -3.18
  253.0858 C16H13O3- 1 253.087 -4.68
  257.0818 C15H13O4- 1 257.0819 -0.57
  261.0764 C14H13O5- 1 261.0768 -1.56
  271.0966 C16H15O4- 1 271.0976 -3.6
  273.0773 C15H13O5- 1 273.0768 1.51
  275.092 C15H15O5- 1 275.0925 -1.81
  279.0871 C14H15O6- 1 279.0874 -0.94
  299.0928 C17H15O5- 1 299.0925 1.07
  433.1278 C25H21O7- 1 433.1293 -3.33
  451.1409 C25H23O8- 1 451.1398 2.32
  455.1332 C24H23O9- 1 455.1348 -3.35
  467.1328 C25H23O9- 1 467.1348 -4.12
  469.1499 C25H25O9- 1 469.1504 -1.17
  485.1445 C25H25O10- 1 485.1453 -1.78
  487.1612 C25H27O10- 1 487.161 0.43
  491.1559 C24H27O11- 1 491.1559 0.09
  499.1609 C26H27O10- 1 499.161 -0.14
  517.1705 C26H29O11- 1 517.1715 -1.98
  535.182 C26H31O12- 1 535.1821 -0.21
  581.2004 C31H33O11- 1 581.2028 -4.14
  599.2139 C31H35O12- 1 599.2134 0.88
  623.2147 C33H35O12- 1 623.2134 2.04
  641.2211 C33H37O13- 1 641.224 -4.48
  687.229 C34H39O15- 1 687.2294 -0.58
PK$NUM_PEAK: 103
PK$PEAK: m/z int. rel.int.
  83.0138 44488.8 17
  85.0295 162263.2 62
  87.0086 144332.2 55
  93.0347 74089.5 28
  95.0504 109414.2 42
  97.0295 109248.9 41
  99.0088 1111132.4 427
  99.0451 2599043.2 999
  101.0243 48935 18
  103.0036 67296.1 25
  107.0503 58848.1 22
  109.0295 132435.9 50
  111.0088 30793.5 11
  111.0452 313388.8 120
  113.0242 109300.4 42
  115.0042 38163.7 14
  121.0294 282297.5 108
  121.0658 115870.8 44
  122.0371 19273 7
  123.0452 318254.8 122
  123.0812 30673.2 11
  125.0245 142832.8 54
  125.0604 28706.6 11
  127.04 119829.5 46
  129.0706 53776.5 20
  133.0656 68433.2 26
  135.045 47533.3 18
  137.0248 80784.1 31
  137.0607 99669.6 38
  139.0403 161781.3 62
  145.0656 32794 12
  147.0451 67248 25
  147.0814 22938 8
  149.0607 293296.3 112
  150.0316 56290.8 21
  151.0399 205233.4 78
  153.0554 35601.1 13
  157.0657 26473.1 10
  159.0447 36491.4 14
  159.0811 33561.3 12
  161.0605 96125.8 36
  163.0397 46203.5 17
  163.0757 43423.8 16
  165.0557 242833.2 93
  167.035 150782.2 57
  167.0713 44858.9 17
  170.0731 63274.7 24
  171.0811 30215.2 11
  173.0606 111261.8 42
  175.0409 92326.9 35
  175.0766 72102.8 27
  176.0476 136895.5 52
  177.0557 229269.3 88
  185.0971 419020.6 161
  187.0768 57591.9 22
  189.0551 71156.6 27
  189.0914 37145.2 14
  191.0716 104001.5 39
  193.0506 540115.6 207
  194.0585 448039.2 172
  199.0766 113098.2 43
  201.0567 25401.1 9
  201.0924 93716 36
  203.0714 96900.3 37
  203.1076 75851.7 29
  205.05 49646.7 19
  211.0608 556016.6 213
  213.092 61289.3 23
  214.0631 36870.1 14
  215.0709 55858.4 21
  217.0499 68871.2 26
  217.0873 171859.6 66
  219.066 53555.6 20
  227.0705 65198.3 25
  229.0871 496818 190
  231.0655 42473.9 16
  235.0604 52674.8 20
  245.082 72228.7 27
  247.0968 72240.4 27
  253.0858 39227.6 15
  257.0818 185425.8 71
  261.0764 160039.6 61
  271.0966 37780.3 14
  273.0773 272684.4 104
  275.092 244370.1 93
  279.0871 219612.2 84
  299.0928 48913.9 18
  433.1278 97360.6 37
  451.1409 99818.8 38
  455.1332 217838.5 83
  467.1328 51135.1 19
  469.1499 276714.2 106
  485.1445 151295.8 58
  487.1612 325146.3 124
  491.1559 855605.1 328
  499.1609 114501.6 44
  517.1705 149016.7 57
  535.182 458276.3 176
  581.2004 48254.7 18
  599.2139 35393.7 13
  623.2147 105487.7 40
  641.2211 69932.8 26
  687.229 226346.3 87
//
