ACCESSION: MSBNK-MLU-ED035506
RECORD_TITLE: Lyngbyazothrin B; LC-ESI-QFT; MS2; CE: 50%; R=17500; [M+H]+
DATE: 2024.02.23
AUTHORS: E. Janssen [dtc], F. Schanbacher [dtc], T. Niedermeyer [dtc], E. N. Zainuddin [dtc], S. Mundt [dtc], A. Dax [com]
LICENSE: CC BY-SA
COPYRIGHT: Copyright (C) Eawag 2023
COMMENT: CONFIDENCE 2a
COMMENT: CyanoMetDB_ID 355
CH$NAME: Lyngbyazothrin B
CH$NAME: 3-[(3S,12S,19S,28S,31E,34S,37R,40S)-37-[(2S)-butan-2-yl]-31-ethylidene-15-hydroxy-28-[(1R)-1-hydroxyethyl]-34-(hydroxymethyl)-2,8,11,14,18,24,27,30,33,36,39-undecaoxo-25-(2-phenylethyl)-16-(2,4,5-trihydroxy-7-methyloctyl)-1,7,10,13,17,23,26,29,32,35,38-undecazatetracyclo[38.3.0.03,7.019,23]tritetracontan-12-yl]propanamide
CH$COMPOUND_CLASS: Cyanobacterial metabolite
CH$FORMULA: C61H94N12O18
CH$EXACT_MASS: 1282.680904
CH$SMILES: [H]C1=CC=C(CCC2NC([C@@H](NC(/C(NC([C@@H](NC([C@H](NC([C@@H]3CCCN3C([C@H]4N(C(CNC([C@@H](NC(C(O)C(CC(O[H])CC(O)C(O)CC(C)C)NC([C@@H]5CCCN5C2=O)=O)=O)CCC(N)=O)=O)=O)CCC4)=O)=O)[C@@H](C)CC)=O)CO)=O)=C\C)=O)[C@@H](C)O)=O)C=C1
CH$IUPAC: InChI=1S/C61H94N12O18/c1-7-33(5)49-57(87)68-41(31-74)54(84)64-37(8-2)53(83)70-50(34(6)75)58(88)66-39(21-20-35-15-10-9-11-16-35)60(90)72-25-12-17-42(72)55(85)67-40(28-36(76)29-46(78)45(77)27-32(3)4)51(81)59(89)65-38(22-23-47(62)79)52(82)63-30-48(80)71-24-14-19-44(71)61(91)73-26-13-18-43(73)56(86)69-49/h8-11,15-16,32-34,36,38-46,49-51,74-78,81H,7,12-14,17-31H2,1-6H3,(H2,62,79)(H,63,82)(H,64,84)(H,65,89)(H,66,88)(H,67,85)(H,68,87)(H,69,86)(H,70,83)/b37-8+/t33-,34+,36?,38-,39?,40?,41-,42-,43-,44-,45?,46?,49+,50-,51?/m0/s1
CH$LINK: PUBCHEM CID:44254416
CH$LINK: INCHIKEY OCPKVHKLLYWOOG-AZFXQPBMSA-N
CH$LINK: ChemOnt CHEMONTID:0003298; Organic compounds; Organic Polymers; Polypeptides
AC$INSTRUMENT: QExactive Plus
AC$INSTRUMENT_TYPE: LC-ESI-QFT
AC$MASS_SPECTROMETRY: MS_TYPE MS2
AC$MASS_SPECTROMETRY: ION_MODE POSITIVE
AC$MASS_SPECTROMETRY: IONIZATION ESI
AC$MASS_SPECTROMETRY: FRAGMENTATION_MODE HCD
AC$MASS_SPECTROMETRY: COLLISION_ENERGY 50 % (nominal)
AC$MASS_SPECTROMETRY: RESOLUTION 17500
AC$MASS_SPECTROMETRY: MASS_RANGE_M/Z 88-1325
AC$CHROMATOGRAPHY: COLUMN_NAME XBridge C18 3.5um, 2.1x50mm, Waters
AC$CHROMATOGRAPHY: FLOW_GRADIENT 90/10 at 0 min, 50/50 at 4 min, 5/95 at 17 min, 5/95 at 25 min, 90/10 at 25.1 min, 90/10 at 29.5 min
AC$CHROMATOGRAPHY: FLOW_RATE 400 uL/min
AC$CHROMATOGRAPHY: RETENTION_TIME 3.784 min
MS$FOCUSED_ION: BASE_PEAK 657.3527
MS$FOCUSED_ION: PRECURSOR_M/Z 1283.6882
MS$FOCUSED_ION: PRECURSOR_TYPE [M+H]+
MS$FOCUSED_ION: PRECURSOR_INTENSITY 62281408.36
MS$DATA_PROCESSING: RECALIBRATE loess on assigned fragments and MS1
MS$DATA_PROCESSING: REANALYZE Peaks with additional N2/O included
MS$DATA_PROCESSING: WHOLE RMassBank 3.11.2
PK$SPLASH: splash10-003r-0920000000-864439063993baa33268
PK$ANNOTATION: m/z tentative_formula formula_count mass error(ppm)
  91.0541 C7H7+ 1 91.0542 -1.1
  93.0699 C7H9+ 1 93.0699 -0.01
  94.0652 C6H8N+ 1 94.0651 0.99
  95.0492 C6H7O+ 1 95.0491 0.17
  95.0855 C7H11+ 1 95.0855 -0.48
  96.0442 C5H6NO+ 1 96.0444 -2.27
  96.0806 C6H10N+ 1 96.0808 -1.64
  97.0761 C5H9N2+ 1 97.076 0.37
  97.1012 C7H13+ 1 97.1012 -0.08
  98.06 C5H8NO+ 1 98.06 -0.31
  98.0963 C6H12N+ 1 98.0964 -1.09
  99.0804 C6H11O+ 1 99.0804 -0.36
  100.0392 C4H6NO2+ 1 100.0393 -0.76
  100.0756 C5H10NO+ 1 100.0757 -0.61
  101.0709 C4H9N2O+ 1 101.0709 -0.77
  103.05 C3H7N2O2+ 1 103.0502 -1.71
  104.0341 C3H6NO3+ 1 104.0342 -1.09
  105.0699 C8H9+ 1 105.0699 0.63
  107.049 C7H7O+ 1 107.0491 -1.02
  107.0855 C8H11+ 1 107.0855 -0.53
  109.0761 C6H9N2+ 1 109.076 0.58
  110.06 C6H8NO+ 1 110.06 -0.3
  111.0915 C6H11N2+ 1 111.0917 -1.2
  112.0393 C5H6NO2+ 1 112.0393 -0.41
  112.0756 C6H10NO+ 1 112.0757 -0.42
  113.0709 C5H9N2O+ 1 113.0709 -0.61
  114.0913 C6H12NO+ 1 114.0913 -0.25
  115.0547 C9H7+ 1 115.0542 4.12
  115.0865 C5H11N2O+ 1 115.0866 -0.51
  116.0705 C5H10NO2+ 1 116.0706 -0.61
  117.0699 C9H9+ 1 117.0699 0.49
  121.101 C9H13+ 1 121.1012 -1.12
  123.1167 C9H15+ 1 123.1168 -0.79
  124.0392 C6H6NO2+ 1 124.0393 -1.09
  124.0756 C7H10NO+ 1 124.0757 -0.73
  125.0709 C6H9N2O+ 1 125.0709 -0.31
  125.0961 C8H13O+ 1 125.0961 0.38
  125.1069 C7H13N2+ 1 125.1073 -3.3
  126.0549 C6H8NO2+ 1 126.055 -0.3
  126.0913 C7H12NO+ 1 126.0913 -0.66
  127.0865 C6H11N2O+ 1 127.0866 -0.67
  128.0706 C6H10NO2+ 1 128.0706 -0.42
  129.0657 C5H9N2O2+ 1 129.0659 -1.51
  130.0498 C5H8NO3+ 1 130.0499 -0.47
  131.0856 C10H11+ 1 131.0855 0.63
  133.1011 C10H13+ 1 133.1012 -0.22
  134.0963 C9H12N+ 1 134.0964 -0.74
  135.1167 C10H15+ 1 135.1168 -1.08
  137.0708 C7H9N2O+ 1 137.0709 -1.26
  137.096 C9H13O+ 1 137.0961 -0.74
  138.0548 C7H8NO2+ 1 138.055 -0.76
  138.1276 C9H16N+ 1 138.1277 -1.11
  139.05 C6H7N2O2+ 1 139.0502 -1.82
  139.0864 C7H11N2O+ 1 139.0866 -1.23
  139.1115 C9H15O+ 1 139.1117 -1.81
  140.0705 C7H10NO2+ 1 140.0706 -0.84
  140.0818 C6H10N3O+ 1 140.0818 -0.53
  141.0656 C6H9N2O2+ 1 141.0659 -1.46
  141.1021 C7H13N2O+ 1 141.1022 -0.66
  142.0499 C6H8NO3+ 1 142.0499 0.53
  143.1066 C8H15O2+ 1 143.1067 -0.72
  145.1011 C11H13+ 1 145.1012 -0.51
  146.0964 C10H12N+ 1 146.0964 0.06
  147.1168 C11H15+ 1 147.1168 -0.46
  150.1276 C10H16N+ 1 150.1277 -0.76
  151.0506 C7H7N2O2+ 1 151.0502 2.65
  151.0868 C8H11N2O+ 1 151.0866 1.08
  151.1118 C10H15O+ 1 151.1117 0.23
  151.123 C9H15N2+ 1 151.123 0.01
  153.0658 C7H9N2O2+ 1 153.0659 -0.2
  153.1021 C8H13N2O+ 1 153.1022 -1.15
  155.0459 C6H7N2O3+ 1 155.0451 4.87
  155.0813 C7H11N2O2+ 1 155.0815 -1.19
  157.0969 C7H13N2O2+ 1 157.0972 -1.38
  159.0765 C6H11N2O3+ 1 159.0764 0.7
  160.1116 C11H14N+ 1 160.1121 -2.98
  162.1278 C11H16N+ 1 162.1277 0.54
  163.1116 C11H15O+ 1 163.1117 -0.89
  165.0656 C8H9N2O2+ 1 165.0659 -1.72
  165.1022 C9H13N2O+ 1 165.1022 -0.38
  167.0815 C8H11N2O2+ 1 167.0815 -0.14
  167.1178 C9H15N2O+ 1 167.1179 -0.65
  167.1542 C10H19N2+ 1 167.1543 -0.61
  168.0767 C7H10N3O2+ 1 168.0768 -0.27
  168.138 C10H18NO+ 1 168.1383 -1.71
  169.0606 C7H9N2O3+ 1 169.0608 -0.91
  169.0976 C8H13N2O2+ 1 169.0972 2.83
  169.122 C10H17O2+ 1 169.1223 -1.98
  170.0445 C7H8NO4+ 1 170.0448 -1.73
  171.0763 C7H11N2O3+ 1 171.0764 -0.73
  171.1127 C8H15N2O2+ 1 171.1128 -0.69
  173.1278 C8H17N2O2+ 2 173.1285 -3.96
  177.1022 C10H13N2O+ 1 177.1022 -0.17
  179.0449 C8H7N2O3+ 1 179.0451 -1.46
  179.0816 C9H11N2O2+ 1 179.0815 0.54
  179.1179 C10H15N2O+ 1 179.1179 0.23
  180.1382 C11H18NO+ 1 180.1383 -0.52
  181.0614 C8H9N2O3+ 1 181.0608 3.33
  181.0973 C9H13N2O2+ 1 181.0972 0.84
  181.1211 C9H15N3O+ 1 181.121 0.89
  183.0764 C8H11N2O3+ 1 183.0764 0.1
  183.1492 C10H19N2O+ 1 183.1492 -0.16
  184.1085 C8H14N3O2+ 2 184.1081 2.42
  185.092 C8H13N2O3+ 1 185.0921 -0.42
  186.1278 C13H16N+ 1 186.1277 0.27
  186.1486 C10H20NO2+ 1 186.1489 -1.1
  187.0712 C7H11N2O4+ 1 187.0713 -0.96
  188.1034 C7H14N3O3+ 1 188.103 2.05
  190.1224 C12H16NO+ 1 190.1226 -1.1
  191.0451 C9H7N2O3+ 1 191.0451 0.16
  191.0811 C10H11N2O2+ 1 191.0815 -1.96
  191.1053 C10H13N3O+ 1 191.1053 0
  193.0608 C9H9N2O3+ 1 193.0608 0.37
  193.0973 C10H13N2O2+ 1 193.0972 0.72
  195.0765 C9H11N2O3+ 1 195.0764 0.5
  195.1128 C10H15N2O2+ 1 195.1128 -0.17
  195.1493 C11H19N2O+ 1 195.1492 0.41
  196.0717 C8H10N3O3+ 1 196.0717 0.31
  197.0557 C8H9N2O4+ 1 197.0557 0.13
  197.092 C9H13N2O3+ 1 197.0921 -0.22
  197.1282 C10H17N2O2+ 1 197.1285 -1.35
  198.1486 C11H20NO2+ 1 198.1489 -1.25
  199.1072 C9H15N2O3+ 2 199.1077 -2.69
  201.1233 C9H17N2O3+ 1 201.1234 -0.56
  202.1592 C14H20N+ 2 202.159 1.06
  206.0925 C10H12N3O2+ 1 206.0924 0.38
  208.0713 C9H10N3O3+ 2 208.0717 -1.8
  208.1331 C12H18NO2+ 1 208.1332 -0.55
  209.0921 C10H13N2O3+ 1 209.0921 0.2
  211.144 C11H19N2O2+ 1 211.1441 -0.43
  212.1396 C10H18N3O2+ 1 212.1394 1.05
  213.1233 C10H17N2O3+ 1 213.1234 -0.26
  214.0823 C8H12N3O4+ 1 214.0822 0.54
  216.1594 C11H22NO3+ 1 216.1594 -0.18
  217.1339 H25O12+ 2 217.1341 -0.48
  220.1082 C11H14N3O2+ 1 220.1081 0.54
  221.0916 C11H13N2O3+ 2 221.0921 -1.96
  223.1438 C12H19N2O2+ 2 223.1441 -1.17
  224.104 C12H16O4+ 2 224.1043 -1.56
  224.1391 C11H18N3O2+ 2 224.1394 -1.33
  226.0827 C9H12N3O4+ 3 226.0822 1.92
  226.1198 C12H18O4+ 1 226.12 -0.82
  226.1433 C12H20NO3+ 2 226.1438 -1.99
  227.0661 C8H5N9+ 2 227.0662 -0.7
  228.0983 C9H14N3O4+ 3 228.0979 2.03
  231.1493 C14H19N2O+ 3 231.1492 0.63
  234.0879 C11H12N3O3+ 2 234.0873 2.42
  235.1441 C13H19N2O2+ 2 235.1441 -0.21
  236.1026 C11H14N3O3+ 2 236.103 -1.68
  238.119 C11H16N3O3+ 2 238.1186 1.52
  239.1392 C12H19N2O3+ 1 239.139 0.83
  243.1486 H25N3O11+ 5 243.1484 1.05
  243.1707 C12H23N2O3+ 1 243.1703 1.74
  244.0923 C8H8N10+ 3 244.0928 -1.83
  244.1539 C12H22NO4+ 2 244.1543 -1.85
  248.1035 C12H14N3O3+ 2 248.103 2.32
  250.1191 C12H16N3O3+ 2 250.1186 1.92
  252.1343 C12H18N3O3+ 1 252.1343 -0.04
  253.1544 C13H21N2O3+ 3 253.1547 -1.11
  254.1135 C11H16N3O4+ 1 254.1135 -0.02
  261.1809 C12H25N2O4+ 1 261.1809 0.02
  262.1653 C12H24NO5+ 3 262.1649 1.63
  266.1136 C12H16N3O4+ 3 266.1135 0.31
  266.1496 C13H20N3O3+ 3 266.1499 -1.33
  270.1806 C13H24N3O3+ 3 270.1812 -2.24
  277.1913 C16H25N2O2+ 5 277.1911 0.72
  278.113 C13H16N3O4+ 3 278.1135 -1.99
  280.1655 C14H22N3O3+ 5 280.1656 -0.11
  280.2015 C15H26N3O2+ 5 280.202 -1.45
  283.1408 C12H19N4O4+ 4 283.1401 2.63
  295.2016 C16H27N2O3+ 6 295.2016 -0.22
  300.17 C2H28N4O12+ 6 300.1698 0.61
  308.197 C16H26N3O3+ 7 308.1969 0.53
  313.2122 C16H29N2O4+ 7 313.2122 -0.02
  319.1657 C3H25N7O10+ 8 319.1657 0
  344.2164 C15H24N10+ 7 344.218 -4.67
  354.2013 C16H22N10+ 10 354.2023 -2.82
  359.2166 CH31N10O11+ 11 359.2168 -0.63
  372.2131 C17H30N3O6+ 11 372.2129 0.48
  376.1862 C4H32N4O15+ 10 376.1859 0.81
PK$NUM_PEAK: 180
PK$PEAK: m/z int. rel.int.
  91.0541 1404553.4 236
  93.0699 172365.6 28
  94.0652 67295.2 11
  95.0492 133076.6 22
  95.0855 128457.4 21
  96.0442 112981.2 18
  96.0806 168856.8 28
  97.0761 84771.7 14
  97.1012 104213 17
  98.06 1878665.6 315
  98.0963 144662.8 24
  99.0804 1063205 178
  100.0392 122160.6 20
  100.0756 74747.6 12
  101.0709 584582 98
  103.05 134620.8 22
  104.0341 135448.8 22
  105.0699 124873.4 20
  107.049 206959.7 34
  107.0855 420365.4 70
  109.0761 65921.4 11
  110.06 196113.6 32
  111.0915 122833.6 20
  112.0393 282236.7 47
  112.0756 451335 75
  113.0709 197622.8 33
  114.0913 110795.3 18
  115.0547 95324.2 16
  115.0865 1456852.9 244
  116.0705 685405.8 115
  117.0699 1391076.8 233
  121.101 210185.3 35
  123.1167 109767 18
  124.0392 77022.3 12
  124.0756 164448.7 27
  125.0709 263725.3 44
  125.0961 682747.7 114
  125.1069 79190.7 13
  126.0549 1630533.2 274
  126.0913 728957.3 122
  127.0865 4393085.5 738
  128.0706 162802.1 27
  129.0657 308659.7 51
  130.0498 239611 40
  131.0856 93041 15
  133.1011 72794.6 12
  134.0963 2347827.2 394
  135.1167 160312.4 26
  137.0708 170051.3 28
  137.096 267088.3 44
  138.0548 104701.7 17
  138.1276 494533.6 83
  139.05 67382.7 11
  139.0864 426875 71
  139.1115 121283.7 20
  140.0705 108681 18
  140.0818 228354.6 38
  141.0656 366489.9 61
  141.1021 147204 24
  142.0499 65246.7 10
  143.1066 2151896.8 361
  145.1011 323747.9 54
  146.0964 111118 18
  147.1168 124423 20
  150.1276 553877.6 93
  151.0506 80295.9 13
  151.0868 83680.6 14
  151.1118 483605.8 81
  151.123 92712 15
  153.0658 157692.9 26
  153.1021 531881.3 89
  155.0459 216245.5 36
  155.0813 3421602 575
  157.0969 200815.8 33
  159.0765 115381.4 19
  160.1116 111011.8 18
  162.1278 91760.3 15
  163.1116 525711 88
  165.0656 79628.3 13
  165.1022 182376.1 30
  167.0815 544851.3 91
  167.1178 837458.9 140
  167.1542 223776.9 37
  168.0767 317305.4 53
  168.138 519325.6 87
  169.0606 335233 56
  169.0976 92765.8 15
  169.122 233232.6 39
  170.0445 112654.5 18
  171.0763 520888.4 87
  171.1127 145887.1 24
  173.1278 126645.4 21
  177.1022 77193.2 12
  179.0449 77999.9 13
  179.0816 72201.3 12
  179.1179 68634.8 11
  180.1382 351261 59
  181.0614 140936.7 23
  181.0973 300391 50
  181.1211 230856.8 38
  183.0764 397830.1 66
  183.1492 5942249 999
  184.1085 60853.7 10
  185.092 364785.9 61
  186.1278 1999169.1 336
  186.1486 1049798.6 176
  187.0712 395257.7 66
  188.1034 77840.1 13
  190.1224 465421.9 78
  191.0451 89541.8 15
  191.0811 96473.2 16
  191.1053 351376.8 59
  193.0608 89124.4 14
  193.0973 159639.4 26
  195.0765 89118.8 14
  195.1128 856264.1 143
  195.1493 276914.6 46
  196.0717 82653.4 13
  197.0557 86951.8 14
  197.092 61956.9 10
  197.1282 198186.5 33
  198.1486 514321.2 86
  199.1072 81540.9 13
  201.1233 488212.8 82
  202.1592 71486.4 12
  206.0925 86784.5 14
  208.0713 95888.6 16
  208.1331 534736.8 89
  209.0921 77539.6 13
  211.144 1392260.9 234
  212.1396 121038.1 20
  213.1233 68320.5 11
  214.0823 105711.3 17
  216.1594 2066112.8 347
  217.1339 172707.1 29
  220.1082 218250.5 36
  221.0916 156881.8 26
  223.1438 154389.4 25
  224.104 93078.1 15
  224.1391 138578.3 23
  226.0827 84549.2 14
  226.1198 73141.6 12
  226.1433 484858.7 81
  227.0661 93948.7 15
  228.0983 132031.2 22
  231.1493 74141.7 12
  234.0879 128675.2 21
  235.1441 679921.4 114
  236.1026 65489.5 11
  238.119 315165.7 52
  239.1392 64371.6 10
  243.1486 188386 31
  243.1707 190654 32
  244.0923 155746.7 26
  244.1539 263676.4 44
  248.1035 80894 13
  250.1191 64635 10
  252.1343 392511.3 65
  253.1544 135414.5 22
  254.1135 197224.5 33
  261.1809 682829.3 114
  262.1653 427487.4 71
  266.1136 541444.9 91
  266.1496 255310.7 42
  270.1806 129577.7 21
  277.1913 114724.4 19
  278.113 86323.1 14
  280.1655 286438.3 48
  280.2015 215558.3 36
  283.1408 115555.6 19
  295.2016 468078.5 78
  300.17 150302.4 25
  308.197 220820.7 37
  313.2122 1584005.4 266
  319.1657 69222 11
  344.2164 65190.7 10
  354.2013 73716.1 12
  359.2166 72468.4 12
  372.2131 176297.1 29
  376.1862 68357.7 11
//
