ACCESSION: MSBNK-MLU-ED035508
RECORD_TITLE: Lyngbyazothrin B; LC-ESI-QFT; MS2; CE: 70%; R=15000; [M+H]+
DATE: 2024.02.23
AUTHORS: E. Janssen [dtc], F. Schanbacher [dtc], T. Niedermeyer [dtc], E. N. Zainuddin [dtc], S. Mundt [dtc], A. Dax [com]
LICENSE: CC BY-SA
COPYRIGHT: Copyright (C) Eawag 2023
COMMENT: CONFIDENCE 2a
COMMENT: CyanoMetDB_ID 355
CH$NAME: Lyngbyazothrin B
CH$NAME: 3-[(3S,12S,19S,28S,31E,34S,37R,40S)-37-[(2S)-butan-2-yl]-31-ethylidene-15-hydroxy-28-[(1R)-1-hydroxyethyl]-34-(hydroxymethyl)-2,8,11,14,18,24,27,30,33,36,39-undecaoxo-25-(2-phenylethyl)-16-(2,4,5-trihydroxy-7-methyloctyl)-1,7,10,13,17,23,26,29,32,35,38-undecazatetracyclo[38.3.0.03,7.019,23]tritetracontan-12-yl]propanamide
CH$COMPOUND_CLASS: Cyanobacterial metabolite
CH$FORMULA: C61H94N12O18
CH$EXACT_MASS: 1282.680904
CH$SMILES: [H]C1=CC=C(CCC2NC([C@@H](NC(/C(NC([C@@H](NC([C@H](NC([C@@H]3CCCN3C([C@H]4N(C(CNC([C@@H](NC(C(O)C(CC(O[H])CC(O)C(O)CC(C)C)NC([C@@H]5CCCN5C2=O)=O)=O)CCC(N)=O)=O)=O)CCC4)=O)=O)[C@@H](C)CC)=O)CO)=O)=C\C)=O)[C@@H](C)O)=O)C=C1
CH$IUPAC: InChI=1S/C61H94N12O18/c1-7-33(5)49-57(87)68-41(31-74)54(84)64-37(8-2)53(83)70-50(34(6)75)58(88)66-39(21-20-35-15-10-9-11-16-35)60(90)72-25-12-17-42(72)55(85)67-40(28-36(76)29-46(78)45(77)27-32(3)4)51(81)59(89)65-38(22-23-47(62)79)52(82)63-30-48(80)71-24-14-19-44(71)61(91)73-26-13-18-43(73)56(86)69-49/h8-11,15-16,32-34,36,38-46,49-51,74-78,81H,7,12-14,17-31H2,1-6H3,(H2,62,79)(H,63,82)(H,64,84)(H,65,89)(H,66,88)(H,67,85)(H,68,87)(H,69,86)(H,70,83)/b37-8+/t33-,34+,36?,38-,39?,40?,41-,42-,43-,44-,45?,46?,49+,50-,51?/m0/s1
CH$LINK: PUBCHEM CID:44254416
CH$LINK: INCHIKEY OCPKVHKLLYWOOG-AZFXQPBMSA-N
CH$LINK: ChemOnt CHEMONTID:0003298; Organic compounds; Organic Polymers; Polypeptides
AC$INSTRUMENT: QExactive Plus
AC$INSTRUMENT_TYPE: LC-ESI-QFT
AC$MASS_SPECTROMETRY: MS_TYPE MS2
AC$MASS_SPECTROMETRY: ION_MODE POSITIVE
AC$MASS_SPECTROMETRY: IONIZATION ESI
AC$MASS_SPECTROMETRY: FRAGMENTATION_MODE HCD
AC$MASS_SPECTROMETRY: COLLISION_ENERGY 70 % (nominal)
AC$MASS_SPECTROMETRY: RESOLUTION 15000
AC$MASS_SPECTROMETRY: MASS_RANGE_M/Z 88-1325
AC$CHROMATOGRAPHY: COLUMN_NAME XBridge C18 3.5um, 2.1x50mm, Waters
AC$CHROMATOGRAPHY: FLOW_GRADIENT 90/10 at 0 min, 50/50 at 4 min, 5/95 at 17 min, 5/95 at 25 min, 90/10 at 25.1 min, 90/10 at 29.5 min
AC$CHROMATOGRAPHY: FLOW_RATE 400 uL/min
AC$CHROMATOGRAPHY: RETENTION_TIME 3.784 min
MS$FOCUSED_ION: BASE_PEAK 657.3527
MS$FOCUSED_ION: PRECURSOR_M/Z 1283.6882
MS$FOCUSED_ION: PRECURSOR_TYPE [M+H]+
MS$FOCUSED_ION: PRECURSOR_INTENSITY 62281408.36
MS$DATA_PROCESSING: RECALIBRATE loess on assigned fragments and MS1
MS$DATA_PROCESSING: REANALYZE Peaks with additional N2/O included
MS$DATA_PROCESSING: WHOLE RMassBank 3.11.2
PK$SPLASH: splash10-002g-3900000000-96b5ad4a6a127df9b510
PK$ANNOTATION: m/z tentative_formula formula_count mass error(ppm)
  91.0542 C7H7+ 1 91.0542 -0.26
  93.0334 C6H5O+ 1 93.0335 -0.98
  93.0699 C7H9+ 1 93.0699 -0.17
  94.0651 C6H8N+ 1 94.0651 0.02
  95.0127 C5H3O2+ 1 95.0128 -0.31
  95.0491 C6H7O+ 1 95.0491 -0.63
  95.0602 C5H7N2+ 1 95.0604 -1.38
  95.0856 C7H11+ 1 95.0855 0.49
  96.0444 C5H6NO+ 1 96.0444 -0.05
  96.0808 C6H10N+ 1 96.0808 -0.13
  97.0649 C6H9O+ 1 97.0648 1.5
  97.076 C5H9N2+ 1 97.076 -0.73
  97.1012 C7H13+ 1 97.1012 -0.24
  98.06 C5H8NO+ 1 98.06 -0.16
  98.0964 C6H12N+ 1 98.0964 -0.63
  99.0804 C6H11O+ 1 99.0804 -0.06
  100.0392 C4H6NO2+ 1 100.0393 -1.14
  100.0759 C5H10NO+ 1 100.0757 2.13
  101.0709 C4H9N2O+ 1 101.0709 -0.01
  104.0342 C3H6NO3+ 1 104.0342 -0.06
  105.0699 C8H9+ 1 105.0699 0.48
  106.0651 C7H8N+ 1 106.0651 -0.04
  107.0491 C7H7O+ 1 107.0491 -0.45
  107.0606 C6H7N2+ 1 107.0604 1.8
  107.0855 C8H11+ 1 107.0855 -0.1
  108.0446 C6H6NO+ 1 108.0444 1.87
  108.0807 C7H10N+ 1 108.0808 -0.96
  109.0648 C7H9O+ 1 109.0648 -0.37
  109.0759 C6H9N2+ 1 109.076 -1.31
  109.1013 C8H13+ 1 109.1012 1.3
  110.06 C6H8NO+ 1 110.06 -0.58
  110.0965 C7H12N+ 1 110.0964 1.01
  111.0553 C5H7N2O+ 1 111.0553 -0.1
  111.0916 C6H11N2+ 1 111.0917 -0.65
  112.0393 C5H6NO2+ 1 112.0393 -0.28
  112.0756 C6H10NO+ 1 112.0757 -0.49
  113.0709 C5H9N2O+ 1 113.0709 -0.07
  114.055 C5H8NO2+ 1 114.055 0.69
  114.0914 C6H12NO+ 1 114.0913 0.09
  115.0543 C9H7+ 1 115.0542 1.01
  115.0865 C5H11N2O+ 1 115.0866 -0.44
  116.0705 C5H10NO2+ 1 116.0706 -1.07
  117.0699 C9H9+ 1 117.0699 0.43
  119.0856 C9H11+ 1 119.0855 0.25
  120.0812 C8H10N+ 1 120.0808 3.43
  121.1011 C9H13+ 1 121.1012 -0.93
  122.0602 C7H8NO+ 1 122.06 1.7
  123.0553 C6H7N2O+ 1 123.0553 0.06
  123.0917 C7H11N2+ 1 123.0917 0.43
  123.1169 C9H15+ 1 123.1168 0.51
  124.0393 C6H6NO2+ 1 124.0393 -0.17
  124.0758 C7H10NO+ 1 124.0757 0.93
  125.071 C6H9N2O+ 1 125.0709 0.24
  125.0962 C8H13O+ 1 125.0961 0.75
  126.0549 C6H8NO2+ 1 126.055 -0.42
  126.0912 C7H12NO+ 1 126.0913 -0.91
  127.0502 C5H7N2O2+ 1 127.0502 0.23
  127.0865 C6H11N2O+ 1 127.0866 -0.31
  128.0705 C6H10NO2+ 1 128.0706 -0.54
  130.05 C5H8NO3+ 1 130.0499 1.29
  131.0855 C10H11+ 1 131.0855 0.17
  133.0761 C8H9N2+ 1 133.076 0.63
  133.1015 C10H13+ 1 133.1012 2.42
  134.0605 C8H8NO+ 1 134.06 3.54
  134.0964 C9H12N+ 1 134.0964 -0.51
  135.0442 C8H7O2+ 1 135.0441 0.85
  135.0551 C7H7N2O+ 1 135.0553 -1.66
  135.1168 C10H15+ 1 135.1168 -0.41
  137.0708 C7H9N2O+ 1 137.0709 -0.7
  137.0959 C9H13O+ 1 137.0961 -1.19
  137.1072 C8H13N2+ 1 137.1073 -0.99
  138.0549 C7H8NO2+ 1 138.055 -0.32
  138.091 C8H12NO+ 1 138.0913 -2.15
  138.1276 C9H16N+ 1 138.1277 -1.11
  139.0501 C6H7N2O2+ 1 139.0502 -1.05
  139.0864 C7H11N2O+ 1 139.0866 -1.23
  139.1116 C9H15O+ 1 139.1117 -1.05
  140.0704 C7H10NO2+ 1 140.0706 -1.17
  140.0817 C6H10N3O+ 1 140.0818 -1.08
  141.0657 C6H9N2O2+ 1 141.0659 -1.24
  142.0496 C6H8NO3+ 1 142.0499 -1.73
  143.1066 C8H15O2+ 1 143.1067 -0.29
  145.0645 C10H9O+ 1 145.0648 -1.71
  145.1011 C11H13+ 1 145.1012 -0.4
  146.0961 C10H12N+ 1 146.0964 -2.14
  148.0757 C9H10NO+ 1 148.0757 -0.16
  149.1072 C9H13N2+ 1 149.1073 -1.08
  150.1276 C10H16N+ 1 150.1277 -0.56
  151.0501 C7H7N2O2+ 1 151.0502 -0.38
  151.0862 C8H11N2O+ 1 151.0866 -2.86
  151.1115 C10H15O+ 1 151.1117 -1.28
  151.1232 C9H15N2+ 1 151.123 1.53
  152.1433 C10H18N+ 1 152.1434 -0.17
  153.0659 C7H9N2O2+ 1 153.0659 0
  153.1021 C8H13N2O+ 1 153.1022 -1.05
  155.0451 C6H7N2O3+ 1 155.0451 -0.05
  155.0813 C7H11N2O2+ 1 155.0815 -1.19
  156.0655 C7H10NO3+ 1 156.0655 -0.42
  157.0972 C7H13N2O2+ 1 157.0972 -0.02
  159.0764 C6H11N2O3+ 1 159.0764 -0.07
  160.1119 C11H14N+ 1 160.1121 -1.26
  161.0705 C9H9N2O+ 1 161.0709 -2.56
  162.1275 C11H16N+ 1 162.1277 -1.54
  163.0502 C8H7N2O2+ 1 163.0502 -0.24
  163.0864 C9H11N2O+ 1 163.0866 -1.13
  163.1115 C11H15O+ 1 163.1117 -1.63
  165.0662 C8H9N2O2+ 1 165.0659 1.89
  165.1025 C9H13N2O+ 1 165.1022 1.28
  167.0815 C8H11N2O2+ 1 167.0815 0.13
  167.1178 C9H15N2O+ 1 167.1179 -0.83
  167.1542 C10H19N2+ 1 167.1543 -0.7
  168.0767 C7H10N3O2+ 1 168.0768 -0.27
  168.138 C10H18NO+ 1 168.1383 -1.71
  169.0605 C7H9N2O3+ 1 169.0608 -1.63
  170.0447 C7H8NO4+ 1 170.0448 -0.74
  171.0764 C7H11N2O3+ 1 171.0764 -0.28
  172.1119 C12H14N+ 1 172.1121 -0.86
  173.0945 C10H11N3+ 1 173.0947 -1.5
  177.102 C10H13N2O+ 1 177.1022 -1.12
  178.0974 C9H12N3O+ 1 178.0975 -0.64
  179.0448 C8H7N2O3+ 1 179.0451 -1.55
  180.0769 C8H10N3O2+ 1 180.0768 0.91
  180.1384 C11H18NO+ 1 180.1383 0.67
  181.0611 C8H9N2O3+ 1 181.0608 1.9
  181.0967 C9H13N2O2+ 2 181.0972 -2.7
  183.0764 C8H11N2O3+ 1 183.0764 -0.31
  183.1492 C10H19N2O+ 1 183.1492 0.09
  185.0921 C8H13N2O3+ 1 185.0921 -0.01
  186.0883 C9H14O4+ 1 186.0887 -2.01
  186.1278 C13H16N+ 1 186.1277 0.19
  186.1481 C10H20NO2+ 2 186.1489 -4.14
  187.0718 C7H11N2O4+ 2 187.0713 2.71
  190.1225 C12H16NO+ 1 190.1226 -0.94
  191.0446 C9H7N2O3+ 2 191.0451 -2.96
  191.0817 C10H11N2O2+ 1 191.0815 0.83
  191.105 C10H13N3O+ 1 191.1053 -1.75
  193.097 C10H13N2O2+ 1 193.0972 -0.94
  195.113 C10H15N2O2+ 1 195.1128 0.92
  197.128 C10H17N2O2+ 2 197.1285 -2.28
  198.1489 C11H20NO2+ 1 198.1489 0.13
  206.0924 C10H12N3O2+ 1 206.0924 -0.14
  207.1133 C11H15N2O2+ 1 207.1128 2.46
  208.1332 C12H18NO2+ 1 208.1332 -0.25
  209.0559 C9H9N2O4+ 1 209.0557 1.26
  216.1593 C11H22NO3+ 1 216.1594 -0.39
  220.1079 C11H14N3O2+ 1 220.1081 -0.5
  235.1439 C13H19N2O2+ 2 235.1441 -0.66
PK$NUM_PEAK: 147
PK$PEAK: m/z int. rel.int.
  91.0542 3894511.5 999
  93.0334 52251.5 13
  93.0699 315818.3 81
  94.0651 203337.2 52
  95.0127 107245.4 27
  95.0491 270596.3 69
  95.0602 99109.6 25
  95.0856 186346.5 47
  96.0444 389577.7 99
  96.0808 262465.1 67
  97.0649 88938.8 22
  97.076 150539 38
  97.1012 210125.7 53
  98.06 2296099.2 588
  98.0964 251762.7 64
  99.0804 1210886.9 310
  100.0392 127206.3 32
  100.0759 99727.4 25
  101.0709 291793.3 74
  104.0342 97710.9 25
  105.0699 314578.2 80
  106.0651 90984.5 23
  107.0491 234242.2 60
  107.0606 41594.5 10
  107.0855 719822.8 184
  108.0446 80111.4 20
  108.0807 82460.5 21
  109.0648 75624.1 19
  109.0759 108525.8 27
  109.1013 61474.3 15
  110.06 278748.4 71
  110.0965 51907.2 13
  111.0553 81499.4 20
  111.0916 179353.6 46
  112.0393 348939.8 89
  112.0756 289606 74
  113.0709 269366.4 69
  114.055 90759.4 23
  114.0914 119885.5 30
  115.0543 416225.6 106
  115.0865 325564.9 83
  116.0705 308209.1 79
  117.0699 1827988.8 468
  119.0856 90190.7 23
  120.0812 81212.4 20
  121.1011 161081 41
  122.0602 102167.6 26
  123.0553 127482 32
  123.0917 58002.4 14
  123.1169 66036.4 16
  124.0393 155065 39
  124.0758 160441 41
  125.071 321028.7 82
  125.0962 491142.7 125
  126.0549 768884.2 197
  126.0912 436689.1 112
  127.0502 147076.5 37
  127.0865 2342179 600
  128.0705 118207.2 30
  130.05 138224.7 35
  131.0855 169491.3 43
  133.0761 50591.7 12
  133.1015 71210.6 18
  134.0605 74922.7 19
  134.0964 939785.9 241
  135.0442 44565.7 11
  135.0551 96918.2 24
  135.1168 121067.4 31
  137.0708 298225.9 76
  137.0959 201386.8 51
  137.1072 82373.1 21
  138.0549 102612.6 26
  138.091 40742.7 10
  138.1276 216317.4 55
  139.0501 199727.5 51
  139.0864 483753.3 124
  139.1116 61794.4 15
  140.0704 106709 27
  140.0817 216383 55
  141.0657 356902.5 91
  142.0496 60802.7 15
  143.1066 820219.4 210
  145.0645 53892.3 13
  145.1011 229047 58
  146.0961 52457.7 13
  148.0757 57795.6 14
  149.1072 55791.3 14
  150.1276 396009.1 101
  151.0501 127522 32
  151.0862 66722.5 17
  151.1115 247874.8 63
  151.1232 65606.7 16
  152.1433 57880.5 14
  153.0659 165354.3 42
  153.1021 221093.5 56
  155.0451 229309.6 58
  155.0813 583957 149
  156.0655 44870.9 11
  157.0972 49702 12
  159.0764 72531.4 18
  160.1119 78404.4 20
  161.0705 55905.2 14
  162.1275 60027.6 15
  163.0502 67152.5 17
  163.0864 60438.7 15
  163.1115 188380.2 48
  165.0662 97461.6 25
  165.1025 103339.5 26
  167.0815 204198.8 52
  167.1178 189619.2 48
  167.1542 49274 12
  168.0767 104391.5 26
  168.138 162070.9 41
  169.0605 155318.6 39
  170.0447 48339.6 12
  171.0764 113050.7 28
  172.1119 61482.6 15
  173.0945 66980 17
  177.102 45592.7 11
  178.0974 54783.2 14
  179.0448 72285.1 18
  180.0769 43201.6 11
  180.1384 200579.5 51
  181.0611 128016.1 32
  181.0967 51414.6 13
  183.0764 170481 43
  183.1492 737867.8 189
  185.0921 74912.8 19
  186.0883 46548.3 11
  186.1278 915321.2 234
  186.1481 123112.8 31
  187.0718 109741 28
  190.1225 152591.2 39
  191.0446 59613.3 15
  191.0817 59155.5 15
  191.105 100437.3 25
  193.097 57651.8 14
  195.113 92178.3 23
  197.128 41702.3 10
  198.1489 126907.1 32
  206.0924 47199.9 12
  207.1133 40338.4 10
  208.1332 119372.3 30
  209.0559 47068.3 12
  216.1593 203945.2 52
  220.1079 172502.5 44
  235.1439 56741.4 14
//
