ACCESSION: MSBNK-Tolmar-TOL00001
RECORD_TITLE: Cyanocobalamin; LC-ESI-QTOF; MS2
DATE: 2026.05.14
AUTHORS: Gessmann D, Tolmar, Inc. [dtc]; Brown P, Paul Brown Consulting Services [dtc]; Josephitis CM, Tolmar, Inc. [dtc]; Bertrand M, Tolmar, Inc. [dtc]; Ryan N, Tolmar, Inc. [com]
LICENSE: CC BY
COPYRIGHT: Tolmar, Inc.
PUBLICATION: Anal. Chem. 2025, 97, 40, 21986–21996 [DOI: 10.1021/acs.analchem.5c03233]
COMMENT: INTERNAL_ID T8699-03B
CH$NAME: Cyanocobalamin
CH$NAME: Coα-[α-(5,6-Dimethylbenzimidazolyl)]-Coβ-cyanocobamide
CH$COMPOUND_CLASS: Natural Product; Cobalamin derivatives
CH$FORMULA: C63H88CoN14O14P
CH$EXACT_MASS: 1354.567399
CH$SMILES: C/C(C1=N/C([C@@H](CCC(N)=O)[C@]1(C)CC(N)=O)=C\C2=N/C([C@@H](CCC(N)=O)C2(C)C)=C3C)=C4[C@@H](CCC(N)=O)[C@@](CC(N)=O)(C)[C@@]([C@@]5([H])[C@H](CC(N)=O)[C@@](C)(CCC(NC[C@@H](C)O[P@](O[C@]6([H])[C@](CO)([H])O[C@@]([N@]7C(C=C(C)C(C)=C8)=C8N=C7)([H])[C@]6([H])O)([O-])=O)=O)C/3=N5)(C)N\4[Co+]C#N
CH$IUPAC: InChI=1S/C62H90N13O14P.CN.Co/c1-29-20-39-40(21-30(29)2)75(28-70-39)57-52(84)53(41(27-76)87-57)89-90(85,86)88-31(3)26-69-49(83)18-19-59(8)37(22-46(66)80)56-62(11)61(10,25-48(68)82)36(14-17-45(65)79)51(74-62)33(5)55-60(9,24-47(67)81)34(12-15-43(63)77)38(71-55)23-42-58(6,7)35(13-16-44(64)78)50(72-42)32(4)54(59)73-56;1-2;/h20-21,23,28,31,34-37,41,52-53,56-57,76,84H,12-19,22,24-27H2,1-11H3,(H15,63,64,65,66,67,68,69,71,72,73,74,77,78,79,80,81,82,83,85,86);;/q;;+2/p-2/t31-,34-,35-,36-,37+,41-,52-,53-,56-,57+,59-,60+,61+,62+;;/m1../s1
CH$LINK: CAS 68-19-9
CH$LINK: ChemOnt CHEMONTID:0000352; Organic compounds; Organoheterocyclic compounds; Tetrapyrroles and derivatives; Corrinoids; Cobalamin derivatives
CH$LINK: INCHIKEY RMRCNWBMXRMIRW-WZHZPDAFSA-L
CH$LINK: PUBCHEM CID:166596686; CID:175687897
AC$INSTRUMENT: 1290 HPLC, Agilent Technologies; TripleTOF 5600+, SCIEX
AC$INSTRUMENT_TYPE: LC-ESI-QTOF
AC$MASS_SPECTROMETRY: MS_TYPE MS2
AC$MASS_SPECTROMETRY: ION_MODE POSITIVE
AC$MASS_SPECTROMETRY: COLLISION_ENERGY 40 eV
AC$MASS_SPECTROMETRY: COLLISION_GAS N2
PK$SPLASH: splash10-03dj-0111000009-8989a70711d52ef97544
PK$NUM_PEAK: 178
PK$PEAK: m/z int. rel.int.
  131.0600321 124.472 2
  132.0693691 143.02 2
  145.0730871 37.2834 1
  146.6345222 105.79 1
  147.0920286 11133.1 136
  148.093825 368.884 5
  213.0169052 114.848 1
  279.1378749 125.226 2
  341.0897485 1930.81 24
  342.093933 95.724 1
  357.9660252 148.347 2
  359.1004254 20179.9 246
  360.1054742 975.024 12
  448.1562996 47.766 1
  448.2093327 154.204 2
  448.703576 38.8337 1
  449.7164596 57.568 1
  455.2776103 75.827 1
  456.2206902 63.7062 1
  456.7231265 6288.37 77
  457.2255329 1275.22 16
  485.7308498 471.0206 6
  485.7419155 85.47076 1
  485.7527378 39.47252 1
  486.2408019 145.9968 2
  499.2489064 356.0552 4
  499.7414516 75.1874 1
  533.2231093 129.2784 2
  534.224043 89.63507 1
  576.2288591 40.96051 1
  577.2325136 50.48269 1
  591.2505851 164.5927 2
  592.2591432 125.7796 2
  604.2546538 144.3799 2
  605.2596161 71.29626 1
  606.2735208 192.8861 2
  635.7692131 3390.954 41
  636.26935 902.4518 11
  645.2847576 50.50999 1
  663.2949028 1026.197 13
  664.2977685 106.4954 1
  664.7764186 203.7973 3
  664.7939926 299.0615 4
  665.2795474 110.9394 1
  665.2937795 67.29138 1
  668.2855633 37.18443 1
  678.2802963 890.4553 11
  678.2930286 317.8761 4
  678.7928782 553.5032 7
  683.2864136 47.92118 1
  683.3015019 70.03924 1
  712.2953046 68.1222 1
  725.2984933 45.95437 1
  726.2976223 87.41165 1
  728.3095318 50.23613 1
  728.3235625 69.45563 1
  740.321045 72.90319 1
  741.332575 42.61971 1
  742.3299468 158.6834 2
  742.3420153 73.19439 1
  754.3351471 87.33951 1
  755.3332367 38.75721 1
  768.3113934 43.77947 1
  768.3249403 58.63386 1
  782.3692774 277.0978 3
  784.3399612 80.56846 1
  785.3414351 266.1632 3
  798.3503438 61.95985 1
  800.3696696 259.5223 3
  801.3662684 449.1092 6
  801.3811426 260.085 3
  813.3717104 388.7127 5
  814.375847 74.44995 1
  825.373127 50.23755 1
  838.3541479 40.83166 1
  839.3904483 194.0694 2
  841.4023908 251.9793 3
  853.3980899 330.8068 4
  853.4093647 114.5261 1
  854.4106364 234.1338 3
  855.3743954 362.1231 4
  856.3830075 59.01382 1
  859.3947963 140.9726 2
  859.407048 57.87767 1
  867.4194588 50.25521 1
  894.4256596 259.1661 3
  894.4415751 42.17527 1
  895.4180257 340.7516 4
  896.4108592 81.06593 1
  898.4250436 229.9439 3
  899.428368 52.44302 1
  909.5113548 91.01274 1
  909.52664 187.7676 2
  909.5546727 58.69156 1
  909.5803077 113.5574 1
  911.4299767 228.1959 3
  912.2838487 51.11269 1
  912.3642043 40.8919 1
  912.4414274 81915.09 1000
  913.3741588 43.68471 1
  913.4388552 17747.78 217
  914.4269013 50.10651 1
  930.4502842 4056.832 50
  931.4512478 613.9523 8
  931.4628592 140.5236 2
  938.444416 2635.649 32
  939.4431277 478.9145 6
  940.4210512 67.89572 1
  955.4460425 1392.261 17
  956.4521197 487.1548 6
  970.4725305 3189.409 39
  971.4695859 694.2522 9
  971.4801251 70.7661 1
  973.4438283 50.15846 1
  973.4733224 39.59897 1
  975.3805177 82.79961 1
  979.4743379 76.35282 1
  980.4490093 140.1972 2
  982.4786701 39.78171 1
  988.4712086 66.94858 1
  988.4817636 94.88123 1
  992.3959963 1537.325 19
  992.4064192 202.3563 3
  993.406602 398.914 5
  994.2959077 114.281 1
  994.3085552 130.0676 2
  994.3291036 39.35406 1
  997.480354 63773.66 779
  997.5660155 135.403 2
  998.4779096 16333.3 199
  1010.408605 462.6068 6
  1010.429155 51.99871 1
  1011.421903 62.78792 1
  1011.434984 48.43669 1
  1015.481556 49.43251 1
  1015.493006 2484.434 30
  1016.496298 568.5297 7
  1050.450298 45.70534 1
  1060.41925 63.37252 1
  1067.441129 81.0896 1
  1067.458555 64.50387 1
  1077.44455 1126.217 14
  1078.434733 65.5295 1
  1078.444801 156.9935 2
  1078.459313 102.347 1
  1079.435228 37.06534 1
  1095.450141 475.6128 6
  1095.466137 205.8351 3
  1095.48146 44.80826 1
  1096.458198 134.2502 2
  1096.478457 66.07489 1
  1106.436086 157.3758 2
  1107.420631 223.6159 3
  1119.4483 48.1265 1
  1123.440778 48.21233 1
  1124.37916 119.6349 2
  1124.452135 18126.25 221
  1125.451286 4158.006 51
  1150.449347 365.4345 5
  1151.459132 108.6261 1
  1161.461213 37.96747 1
  1167.43982 118.0501 1
  1167.455806 132.9878 2
  1168.453911 52.0609 1
  1182.473512 491.4757 6
  1182.48427 107.6548 1
  1191.473806 52.08452 1
  1191.489136 71.31238 1
  1191.501309 37.72499 1
  1192.458079 54.29718 1
  1192.478737 81.08157 1
  1205.63931 69.53108 1
  1205.684876 79.32473 1
  1209.491054 17631.7 215
  1209.571966 64.74009 1
  1210.483024 2932.801 36
  1210.493767 1500.132 18
  1210.504594 58.87685 1
//
