ACCESSION: MSBNK-Tolmar-TOL00004
RECORD_TITLE: 50-carboxycyanocobalamin; LC-ESI-QTOF; MS2
DATE: 2026.05.14
AUTHORS: Gessmann D, Tolmar, Inc. [dtc]; Brown P, Paul Brown Consulting Services [dtc]; Josephitis CM, Tolmar, Inc. [dtc]; Bertrand M, Tolmar, Inc. [dtc]; Ryan N, Tolmar, Inc. [com]
LICENSE: CC BY
COPYRIGHT: Tolmar, Inc.
PUBLICATION: Anal. Chem. 2025, 97, 40, 21986–21996 [DOI: 10.1021/acs.analchem.5c03233]
COMMENT: INTERNAL_ID T8206-44A
CH$NAME: 50-carboxycyanocobalamin
CH$NAME: Cyanocobalamin EP Impurity B
CH$COMPOUND_CLASS: Natural Product; Cobalamin derivatives
CH$FORMULA: C63H87CoN13O15P
CH$EXACT_MASS: 1355.551415
CH$SMILES: C/C(C1=N/C([C@@H](CCC(N)=O)[C@]1(C)CC(N)=O)=C\C2=N/C([C@@H](CCC(O)=O)C2(C)C)=C3C)=C4[C@@H](CCC(N)=O)[C@@](CC(N)=O)(C)[C@@]([C@@]5([H])[C@H](CC(N)=O)[C@@](C)(CCC(NC[C@@H](C)O[P@](O[C@]6([H])[C@](CO)([H])O[C@@]([N@]7C(C=C(C)C(C)=C8)=C8N=C7)([H])[C@]6([H])O)([O-])=O)=O)C/3=N5)(C)N\4[Co+]C#N
CH$IUPAC: InChI=1S/C62H89N12O15P.CN.Co/c1-29-20-39-40(21-30(29)2)74(28-69-39)57-52(84)53(41(27-75)87-57)89-90(85,86)88-31(3)26-68-48(81)18-19-59(8)37(22-45(65)78)56-62(11)61(10,25-47(67)80)36(13-16-44(64)77)51(73-62)33(5)55-60(9,24-46(66)79)34(12-15-43(63)76)38(70-55)23-42-58(6,7)35(14-17-49(82)83)50(71-42)32(4)54(59)72-56;1-2;/h20-21,23,28,31,34-37,41,52-53,56-57,75,84H,12-19,22,24-27H2,1-11H3,(H14,63,64,65,66,67,68,70,71,72,73,76,77,78,79,80,81,82,83,85,86);;/q;;+2/p-2/t31-,34-,35-,36-,37+,41-,52-,53-,56-,57+,59-,60+,61+,62+;;/m1../s1
CH$LINK: CAS 26264-28-8
CH$LINK: ChemOnt CHEMONTID:0000352; Organic compounds; Organoheterocyclic compounds; Tetrapyrroles and derivatives; Corrinoids; Cobalamin derivatives
CH$LINK: INCHIKEY KWTVZQPIADMGEQ-WZHZPDAFSA-L
CH$LINK: PUBCHEM CID:138375980
AC$INSTRUMENT: 1290 HPLC, Agilent Technologies; TripleTOF 5600+, SCIEX
AC$INSTRUMENT_TYPE: LC-ESI-QTOF
AC$MASS_SPECTROMETRY: MS_TYPE MS2
AC$MASS_SPECTROMETRY: ION_MODE POSITIVE
AC$MASS_SPECTROMETRY: COLLISION_ENERGY 40 eV
AC$MASS_SPECTROMETRY: COLLISION_GAS N2
PK$SPLASH: splash10-01ot-0211000009-ed36c5131bd59740b02b
PK$NUM_PEAK: 163
PK$PEAK: m/z int. rel.int.
  131.0604 6.62 1
  132.1875329 6.49 1
  132.4398574 4.87 1
  132.5996938 4.87 1
  132.8608906 7.40 1
  146.6309489 7.17 1
  147.0913657 3216.34 400
  148.0945416 57.24 7
  213.012977 6.17 1
  216.4799436 4.25 1
  216.8142846 8.31 1
  217.1523017 8.31 1
  228.3799529 6.39 1
  228.5899266 4.26 1
  228.8042631 6.40 1
  234.9922653 6.49 1
  237.0028525 8.68 1
  247.3348735 6.65 1
  247.6906403 13.32 2
  254.6764338 13.50 2
  255.2615448 9.01 1
  276.1947479 7.03 1
  276.8079738 4.69 1
  341.0922617 277.00 34
  342.0946296 20.22 3
  359.1004525 2390.10 297
  359.6648039 10.70 1
  360.1063157 131.27 16
  385.0595408 5.53 1
  448.7129393 11.95 1
  455.7658008 6.02 1
  457.20608 6.03 1
  457.2134191 458.66 57
  457.7190079 129.13 16
  486.2310666 27.99 3
  486.7310857 18.67 2
  499.7374463 71.72 9
  568.2161429 13.45 2
  587.235415 6.83 1
  636.2612804 64.39 8
  636.271791 326.74 41
  636.7642186 121.53 15
  664.2795689 105.77 13
  665.2747215 18.19 2
  665.285389 10.91 1
  665.7759117 16.37 2
  678.780123 89.10 11
  678.7912264 103.43 13
  679.2733825 14.70 2
  679.2931587 99.24 12
  715.2859058 7.54 1
  726.2847198 7.60 1
  728.2983854 11.42 1
  729.2975971 15.23 2
  729.3150604 11.43 1
  743.3184174 26.91 3
  743.3300316 7.69 1
  744.334372 7.70 1
  769.2992289 7.82 1
  782.3812568 11.83 1
  785.340568 7.90 1
  786.3215012 23.73 3
  798.3231015 11.95 1
  801.3508245 11.98 1
  802.3538565 163.58 20
  802.3717816 48.34 6
  803.3761432 11.99 1
  814.3779615 24.15 3
  841.3868652 16.36 2
  854.4049075 8.24 1
  855.3821543 16.50 2
  855.4026616 8.25 1
  859.3794093 8.27 1
  860.3807946 16.55 2
  860.4091355 20.68 3
  884.4061551 14.68 2
  887.392703 12.60 2
  895.4201511 6.54 1
  896.4132014 21.11 3
  898.5461151 16.91 2
  898.9698078 21.14 3
  899.4054992 4.23 1
  910.5453944 13.19 2
  912.4383288 21.30 3
  913.3706086 20.46 3
  913.4281474 8037.30 1000
  914.4218782 1117.96 139
  914.4348843 530.94 66
  914.4458464 46.06 6
  915.4188322 8.53 1
  916.4367645 12.81 2
  931.4345639 405.01 50
  931.4506757 30.13 4
  931.4700487 17.22 2
  932.440301 97.75 12
  939.4242488 168.58 21
  939.4434298 90.77 11
  940.4419628 88.66 11
  941.4385769 4.33 1
  956.4220927 39.25 5
  956.4337911 116.23 14
  957.4423087 30.55 4
  971.4399686 24.83 3
  971.4519488 255.38 32
  971.471649 37.80 5
  971.490043 18.02 2
  972.4444625 30.78 4
  972.463912 24.85 3
  974.4396537 11.01 1
  981.4521232 4.42 1
  983.4356181 13.27 2
  990.4776593 27.52 3
  993.3726943 31.34 4
  993.3932518 101.79 13
  994.3904466 25.57 3
  994.4006335 28.91 4
  997.4617599 9.35 1
  998.4681805 6687.24 832
  998.5053722 8.91 1
  998.5468637 8.91 1
  999.4687752 1328.40 165
  999.4788956 285.34 36
  999.4960327 8.92 1
  999.5333784 13.38 2
  1000.422076 4.46 1
  1011.403159 27.58 3
  1016.477193 147.03 18
  1016.488773 150.85 19
  1016.501895 11.24 1
  1017.479953 130.90 16
  1017.490896 22.49 3
  1050.013919 34.27 4
  1054.417309 4.58 1
  1078.412766 25.47 3
  1078.435922 96.33 12
  1079.448138 4.63 1
  1096.433623 39.69 5
  1096.444427 30.35 4
  1096.464793 32.69 4
  1107.409587 14.08 2
  1107.429879 35.20 4
  1108.414125 14.09 2
  1114.431177 4.71 1
  1114.451441 30.60 4
  1120.430931 9.44 1
  1125.439168 1820.52 227
  1125.467845 7.10 1
  1125.480146 23.66 3
  1126.431306 276.89 34
  1126.442902 188.38 23
  1145.922065 26.26 3
  1146.399736 19.10 2
  1151.443375 68.43 9
  1152.443759 23.94 3
  1168.442125 9.64 1
  1183.462959 36.39 5
  1188.552806 36.46 5
  1192.455276 9.74 1
  1192.469038 43.83 5
  1210.478053 1868.67 233
  1211.450533 14.73 2
  1211.482929 550.50 68
  1211.530009 14.73 2
//
