ACCESSION: MSBNK-MassBank-NPS0829
RECORD_TITLE: Buprenorphine; LC-ESI-QTOF; MS2; CE 70 eV; R=15000; [M+H]+
DATE: 2026.06.16
AUTHORS: Serafini D. (La Sapienza University of Rome), Oberacher H.(Medical University of Innsbruck, Institute of Legal Medicine and Core Facility Metabolomics)
LICENSE: CC BY
CH$NAME: Buprenorphine
CH$NAME: (1S,2S,6R,14R,15R,16R)-5-(cyclopropylmethyl)-16-[(2S)-2-hydroxy-3,3-dimethylbutan-2-yl]-15-methoxy-13-oxa-5-azahexacyclo[13.2.2.12,8.01,6.02,14.012,20]icosa-8(20),9,11-trien-11-ol
CH$NAME: Temgesic
CH$NAME: Buprenophine
CH$COMPOUND_CLASS: Non-Natural Product; Benzenoids; Phenanthrenes and derivatives
CH$FORMULA: C29H41NO4
CH$EXACT_MASS: 467.30356
CH$SMILES: C[C@]([C@H]1C[C@@]23CC[C@@]1([C@H]4[C@@]25CCN([C@@H]3CC6=C5C(=C(C=C6)O)O4)CC7CC7)OC)(C(C)(C)C)O
CH$IUPAC: InChI=1S/C29H41NO4/c1-25(2,3)26(4,32)20-15-27-10-11-29(20,33-5)24-28(27)12-13-30(16-17-6-7-17)21(27)14-18-8-9-19(31)23(34-24)22(18)28/h8-9,17,20-21,24,31-32H,6-7,10-16H2,1-5H3/t20-,21-,24-,26+,27-,28+,29-/m1/s1
CH$LINK: CAS 52485-79-7
CH$LINK: ChemOnt CHEMONTID:0000025; Organic compounds; Benzenoids; Phenanthrenes and derivatives
CH$LINK: INCHIKEY RMRJXGBAOAMLHD-IHFGGWKQSA-N
CH$LINK: PUBCHEM CID:644073
AC$INSTRUMENT: TripleTof 5600+, AB Sciex
AC$INSTRUMENT_TYPE: LC-ESI-QTOF
AC$MASS_SPECTROMETRY: MS_TYPE MS2
AC$MASS_SPECTROMETRY: ION_MODE POSITIVE
AC$MASS_SPECTROMETRY: COLLISION_ENERGY 70 eV
AC$MASS_SPECTROMETRY: FRAGMENTATION_MODE CID
AC$MASS_SPECTROMETRY: IONIZATION ESI
AC$MASS_SPECTROMETRY: RESOLUTION 15000
AC$CHROMATOGRAPHY: COLUMN_NAME Kinetex 2.6 um Biphenyl 100 A, 100 x 2.1 mm, Phenomenex
AC$CHROMATOGRAPHY: FLOW_GRADIENT 98/2 at 0 min, 2/98 at 15 min, 2/98 at 16 min, 98/2 at 16.1 min, 98/2 at 20 min
AC$CHROMATOGRAPHY: FLOW_RATE 200 uL/min
AC$CHROMATOGRAPHY: RETENTION_TIME 6.792 min
AC$CHROMATOGRAPHY: SOLVENT A water with 0.5% acetic acid
AC$CHROMATOGRAPHY: SOLVENT B acetonitrile
MS$FOCUSED_ION: BASE_PEAK 55.0542
MS$FOCUSED_ION: PRECURSOR_M/Z 468.3108
MS$FOCUSED_ION: PRECURSOR_TYPE [M+H]+
PK$SPLASH: splash10-0a59-2971000000-8883e96c72613ab98a9f
PK$NUM_PEAK: 250
PK$PEAK: m/z int. rel.int.
  41.0386 61 39
  42.0338 37 24
  43.0178 27 17
  43.0542 19 12
  44.0495 24 15
  53.0386 87 55
  55.0542 1568 999
  56.0495 140 89
  57.0699 126 80
  58.0651 28 18
  59.0491 29 18
  67.0542 44 28
  69.0699 78 50
  70.0651 25 16
  71.0491 32 20
  77.0386 42 27
  79.0542 54 34
  80.0495 17 11
  81.0699 55 35
  82.0651 35 22
  83.0855 514 327
  84.0808 369 235
  85.0648 24 15
  89.0386 12 8
  91.0542 223 142
  93.0699 84 54
  94.0651 17 11
  95.0855 61 39
  96.0808 20 13
  97.0648 73 47
  98.0964 76 48
  99.0804 52 33
  100.1121 27 17
  101.0961 528 336
  102.0464 19 12
  103.0542 88 56
  105.0699 156 99
  106.0651 16 10
  107.0491 46 29
  107.0855 63 40
  108.0808 27 17
  109.0648 96 61
  110.0964 34 22
  111.0804 29 18
  111.1042 15 10
  112.1121 126 80
  115.0542 359 229
  116.0621 48 31
  117.0699 127 81
  118.0651 38 24
  119.0855 80 51
  120.0808 26 17
  121.0733 168 107
  123.0679 149 95
  125.0961 18 11
  126.0464 15 10
  127.0542 120 76
  128.0621 235 150
  129.0699 163 104
  130.0651 26 17
  131.0730 151 96
  132.0808 42 27
  133.0859 36 23
  138.0913 16 10
  139.0542 36 23
  140.1070 31 20
  141.0699 358 228
  142.0777 28 18
  143.0491 91 58
  144.0570 163 104
  145.0648 197 126
  146.0600 45 29
  147.0526 174 111
  150.0887 26 17
  151.0542 60 38
  151.1117 46 29
  152.0621 290 185
  153.0699 305 194
  154.0777 74 47
  155.0855 99 63
  157.0648 241 154
  158.0726 41 26
  159.0652 235 150
  159.0679 235 150
  161.0683 238 152
  164.0706 59 38
  165.0699 720 459
  166.0777 121 77
  167.0855 216 138
  168.0570 54 34
  169.0648 202 129
  171.0526 104 66
  172.0757 36 23
  173.0597 324 206
  175.0753 122 78
  176.0706 93 59
  177.0784 134 85
  178.0777 280 178
  179.0855 275 175
  181.0648 372 237
  182.0726 140 89
  183.0804 214 136
  184.0519 721 459
  184.1121 15 10
  185.0597 232 148
  186.0761 45 29
  187.0753 607 387
  188.0706 106 68
  190.0862 167 106
  191.0855 293 187
  192.0808 51 32
  193.0648 233 148
  194.0726 133 85
  195.0890 458 292
  196.0883 74 47
  197.0597 265 169
  198.0675 124 79
  199.0753 284 181
  200.0706 79 50
  202.0862 313 199
  203.0855 191 122
  204.0934 93 59
  205.0733 110 70
  207.0890 308 196
  208.0883 81 52
  209.0961 183 117
  210.0675 187 119
  211.0753 747 476
  212.0832 133 85
  213.0910 159 101
  214.0862 84 54
  215.0941 96 61
  216.1019 112 71
  217.1012 140 89
  218.0938 41 26
  218.0964 41 26
  219.0804 253 161
  220.0883 75 48
  221.0961 280 178
  222.0675 59 38
  223.0753 495 315
  224.0832 237 151
  225.0910 593 378
  227.0855 173 110
  228.1019 68 43
  229.0886 69 44
  230.1176 51 32
  231.0804 101 64
  232.0968 81 52
  233.0961 115 73
  234.0887 37 24
  235.0753 196 125
  236.0832 151 96
  237.0910 374 238
  238.0862 108 69
  239.1067 357 227
  240.0781 155 99
  241.0859 180 115
  242.0964 87 55
  243.1016 207 132
  244.1247 39 25
  246.1125 33 21
  247.1117 120 76
  248.0832 45 29
  249.0910 155 99
  250.0988 86 55
  251.1067 197 126
  252.0934 109 69
  253.0886 231 147
  254.1090 66 42
  255.1016 147 94
  256.1121 88 56
  257.1172 34 22
  258.1251 27 17
  259.1117 42 27
  261.1121 52 33
  262.0988 58 37
  263.1067 149 95
  264.1145 57 36
  265.1223 124 79
  266.1175 104 66
  267.1016 489 312
  268.1121 66 42
  269.1172 75 48
  271.1329 24 15
  273.1274 42 27
  275.1278 12 8
  276.1145 26 17
  277.1223 63 40
  278.1301 43 27
  279.1380 67 43
  280.1332 55 35
  281.1325 78 50
  281.1410 47 30
  282.1403 51 32
  283.1329 42 27
  284.1281 43 27
  285.1360 14 9
  286.1438 17 11
  288.1958 10 6
  289.1223 24 15
  291.1380 54 34
  292.1332 24 15
  293.1536 32 20
  294.1489 34 22
  295.1329 57 36
  296.1407 51 32
  297.1485 44 28
  298.1438 70 45
  305.1536 16 10
  306.1489 35 22
  307.1567 18 11
  308.1645 41 26
  309.1512 23 15
  310.1438 54 34
  311.1642 23 15
  312.1594 60 38
  314.1751 14 9
  319.1692 14 9
  320.1645 12 8
  322.1802 17 11
  323.1642 15 10
  324.1594 169 108
  326.1751 60 38
  335.2005 11 7
  336.1958 28 18
  337.1825 10 6
  338.1751 154 98
  339.1829 21 13
  340.1907 57 36
  342.1700 210 134
  350.2115 12 8
  351.1981 14 9
  352.1907 71 45
  353.2138 16 10
  354.1700 58 37
  364.2271 26 17
  366.2064 20 13
  367.2142 12 8
  368.2220 85 54
  370.2013 89 57
  378.2064 20 13
  380.2220 19 12
  382.2377 12 8
  394.2377 11 7
  396.2169 764 487
  408.2533 12 8
  410.2326 17 11
  414.2639 127 81
  468.3108 405 258
//
