ACCESSION: MSBNK-MassBank-NPS0828
RECORD_TITLE: Buprenorphine; LC-ESI-QTOF; MS2; CE 65 eV; R=15000; [M+H]+
DATE: 2026.06.16
AUTHORS: Serafini D. (La Sapienza University of Rome), Oberacher H.(Medical University of Innsbruck, Institute of Legal Medicine and Core Facility Metabolomics)
LICENSE: CC BY
CH$NAME: Buprenorphine
CH$NAME: (1S,2S,6R,14R,15R,16R)-5-(cyclopropylmethyl)-16-[(2S)-2-hydroxy-3,3-dimethylbutan-2-yl]-15-methoxy-13-oxa-5-azahexacyclo[13.2.2.12,8.01,6.02,14.012,20]icosa-8(20),9,11-trien-11-ol
CH$NAME: Temgesic
CH$NAME: Buprenophine
CH$COMPOUND_CLASS: Non-Natural Product; Benzenoids; Phenanthrenes and derivatives
CH$FORMULA: C29H41NO4
CH$EXACT_MASS: 467.30356
CH$SMILES: C[C@]([C@H]1C[C@@]23CC[C@@]1([C@H]4[C@@]25CCN([C@@H]3CC6=C5C(=C(C=C6)O)O4)CC7CC7)OC)(C(C)(C)C)O
CH$IUPAC: InChI=1S/C29H41NO4/c1-25(2,3)26(4,32)20-15-27-10-11-29(20,33-5)24-28(27)12-13-30(16-17-6-7-17)21(27)14-18-8-9-19(31)23(34-24)22(18)28/h8-9,17,20-21,24,31-32H,6-7,10-16H2,1-5H3/t20-,21-,24-,26+,27-,28+,29-/m1/s1
CH$LINK: CAS 52485-79-7
CH$LINK: ChemOnt CHEMONTID:0000025; Organic compounds; Benzenoids; Phenanthrenes and derivatives
CH$LINK: INCHIKEY RMRJXGBAOAMLHD-IHFGGWKQSA-N
CH$LINK: PUBCHEM CID:644073
AC$INSTRUMENT: TripleTof 5600+, AB Sciex
AC$INSTRUMENT_TYPE: LC-ESI-QTOF
AC$MASS_SPECTROMETRY: MS_TYPE MS2
AC$MASS_SPECTROMETRY: ION_MODE POSITIVE
AC$MASS_SPECTROMETRY: COLLISION_ENERGY 65 eV
AC$MASS_SPECTROMETRY: FRAGMENTATION_MODE CID
AC$MASS_SPECTROMETRY: IONIZATION ESI
AC$MASS_SPECTROMETRY: RESOLUTION 15000
AC$CHROMATOGRAPHY: COLUMN_NAME Kinetex 2.6 um Biphenyl 100 A, 100 x 2.1 mm, Phenomenex
AC$CHROMATOGRAPHY: FLOW_GRADIENT 98/2 at 0 min, 2/98 at 15 min, 2/98 at 16 min, 98/2 at 16.1 min, 98/2 at 20 min
AC$CHROMATOGRAPHY: FLOW_RATE 200 uL/min
AC$CHROMATOGRAPHY: RETENTION_TIME 6.792 min
AC$CHROMATOGRAPHY: SOLVENT A water with 0.5% acetic acid
AC$CHROMATOGRAPHY: SOLVENT B acetonitrile
MS$FOCUSED_ION: BASE_PEAK 468.3108
MS$FOCUSED_ION: PRECURSOR_M/Z 468.3108
MS$FOCUSED_ION: PRECURSOR_TYPE [M+H]+
PK$SPLASH: splash10-066r-2982100000-964faebe673d24cd4996
PK$NUM_PEAK: 267
PK$PEAK: m/z int. rel.int.
  41.0386 54 33
  42.0338 36 22
  43.0178 21 13
  43.0542 21 13
  44.0495 34 21
  53.0386 77 47
  55.0542 1614 995
  56.0495 144 89
  57.0699 137 84
  58.0651 28 17
  59.0491 39 24
  67.0542 51 31
  69.0699 99 61
  70.0651 31 19
  71.0491 42 26
  77.0386 35 22
  79.0542 60 37
  81.0699 55 34
  82.0651 35 22
  83.0855 553 341
  84.0808 500 308
  85.1012 35 22
  89.0386 13 8
  91.0542 182 112
  93.0699 91 56
  94.0651 24 15
  95.0855 68 42
  96.0808 21 13
  97.0648 82 51
  98.0964 99 61
  99.0804 75 46
  100.1121 33 20
  101.0961 724 446
  102.0464 14 9
  103.0542 83 51
  105.0699 165 102
  106.0651 19 12
  107.0491 41 25
  107.0855 65 40
  108.0808 26 16
  109.0648 112 69
  110.0964 33 20
  111.0804 39 24
  111.1042 29 18
  112.1121 175 108
  115.0542 299 184
  116.0621 38 23
  117.0699 111 68
  118.0651 34 21
  119.0855 91 56
  120.0808 38 23
  121.0734 210 129
  123.0679 191 118
  125.0961 26 16
  126.0464 12 7
  127.0542 96 59
  128.0621 191 118
  129.0699 144 89
  130.0651 26 16
  131.0729 156 96
  131.0730 156 96
  132.0808 37 23
  133.0859 43 27
  138.0913 15 9
  139.0542 33 20
  140.1070 37 23
  141.0699 307 189
  142.0777 24 15
  143.0491 88 54
  144.0570 96 59
  145.0648 169 104
  146.0600 50 31
  147.0526 170 105
  150.0887 28 17
  151.0542 51 31
  151.1117 59 36
  152.0621 218 134
  153.0699 273 168
  154.0777 72 44
  155.0855 102 63
  155.1430 12 7
  157.0648 231 142
  158.0726 40 25
  159.0652 226 139
  159.0679 226 139
  161.0683 253 156
  164.0706 63 39
  165.0699 583 359
  166.0777 100 62
  167.0855 205 126
  168.0570 35 22
  169.0648 207 128
  171.0526 87 54
  172.0757 35 22
  173.0597 350 216
  175.0753 152 94
  176.0706 113 70
  177.0784 94 58
  178.0777 219 135
  179.0855 230 142
  181.0648 361 222
  182.0726 114 70
  183.0804 211 130
  184.0519 657 405
  184.1121 13 8
  185.0597 273 168
  186.0761 48 30
  187.0753 834 514
  188.0706 110 68
  190.0862 161 99
  191.0855 273 168
  192.0808 41 25
  193.0648 268 165
  194.0726 100 62
  195.0890 417 257
  196.0883 63 39
  197.0597 238 147
  198.0675 144 89
  199.0754 308 190
  200.0706 79 49
  202.0862 293 181
  203.0855 175 108
  204.0934 86 53
  205.0733 95 59
  205.1461 24 15
  207.0890 289 178
  208.0883 76 47
  209.0961 204 126
  210.0675 166 102
  211.0753 787 485
  212.0832 169 104
  213.0910 189 116
  214.0862 100 62
  215.0941 85 52
  216.1019 137 84
  217.1012 143 88
  218.0937 40 25
  218.0964 40 25
  219.0804 269 166
  220.0883 71 44
  221.0961 315 194
  222.0675 50 31
  223.0753 540 333
  224.0832 224 138
  225.0910 708 436
  227.0855 196 121
  228.1019 76 47
  229.0886 78 48
  230.1176 60 37
  231.0805 98 60
  232.0968 89 55
  233.0961 134 83
  234.0887 48 30
  235.0754 224 138
  236.0832 157 97
  237.0910 448 276
  238.0862 122 75
  239.1067 453 279
  240.0781 183 113
  241.0859 215 133
  242.0937 136 84
  243.1016 369 227
  244.1247 55 34
  246.1124 36 22
  247.1117 166 102
  248.0832 52 32
  249.0910 171 105
  250.0989 106 65
  251.1067 256 158
  252.0934 148 91
  253.0886 289 178
  254.1176 72 44
  255.1016 197 121
  256.1121 111 68
  257.1172 50 31
  258.1251 28 17
  259.1117 48 30
  261.1148 57 35
  262.0988 53 33
  263.1067 194 120
  264.1145 69 43
  265.1223 203 125
  266.1176 120 74
  267.1016 584 360
  268.1121 130 80
  269.1172 127 78
  271.1329 39 24
  272.1281 14 9
  273.1274 61 38
  275.1278 17 10
  276.1145 29 18
  277.1223 86 53
  278.1301 50 31
  279.1380 97 60
  280.1332 85 52
  281.1325 115 71
  281.1410 74 46
  282.1403 56 35
  283.1329 64 39
  284.1281 56 35
  285.1360 24 15
  286.1438 28 17
  288.1958 12 7
  289.1223 31 19
  290.1301 22 14
  291.1380 87 54
  292.1332 32 20
  293.1536 38 23
  294.1489 50 31
  295.1329 85 52
  296.1407 76 47
  297.1485 66 41
  298.1438 103 63
  303.1743 10 6
  305.1536 23 14
  306.1489 45 28
  308.1645 72 44
  309.1512 40 25
  310.1438 61 38
  311.1642 54 33
  312.1594 97 60
  314.1751 15 9
  319.1692 27 17
  320.1645 19 12
  321.1849 30 18
  322.1802 25 15
  323.1669 25 15
  324.1594 264 163
  326.1751 128 79
  333.1849 16 10
  334.1802 17 10
  335.2006 21 13
  336.1958 51 31
  337.1825 19 12
  338.1751 265 163
  339.1829 52 32
  340.1907 111 68
  342.1700 296 182
  347.2006 10 6
  350.2115 17 10
  351.1955 21 13
  352.1907 121 75
  353.2138 30 18
  354.1700 79 49
  356.1857 24 15
  362.2115 14 9
  364.2271 51 31
  365.2138 11 7
  366.2064 48 30
  367.2142 27 17
  368.2220 161 99
  370.2013 205 126
  378.2064 27 17
  380.2220 32 20
  382.2377 25 15
  394.2377 28 17
  396.2169 1373 846
  397.2248 11 7
  408.2533 24 15
  410.2326 39 24
  411.2404 20 12
  412.2482 15 9
  414.2639 406 250
  418.2741 11 7
  426.2639 33 20
  450.3003 25 15
  468.3108 1621 999
//
