ACCESSION: MSBNK-MUI-NPS0831
RECORD_TITLE: Buprenorphine; LC-ESI-QTOF; MS2; CE 80 eV; R=15000; [M+H]+
DATE: 2026.06.16
AUTHORS: Serafini D. (La Sapienza University of Rome), Oberacher H.(Medical University of Innsbruck, Institute of Legal Medicine and Core Facility Metabolomics)
LICENSE: CC BY
CH$NAME: Buprenorphine
CH$NAME: (1S,2S,6R,14R,15R,16R)-5-(cyclopropylmethyl)-16-[(2S)-2-hydroxy-3,3-dimethylbutan-2-yl]-15-methoxy-13-oxa-5-azahexacyclo[13.2.2.12,8.01,6.02,14.012,20]icosa-8(20),9,11-trien-11-ol
CH$NAME: Temgesic
CH$NAME: Buprenophine
CH$COMPOUND_CLASS: Non-Natural Product; Benzenoids; Phenanthrenes and derivatives
CH$FORMULA: C29H41NO4
CH$EXACT_MASS: 467.30356
CH$SMILES: C[C@]([C@H]1C[C@@]23CC[C@@]1([C@H]4[C@@]25CCN([C@@H]3CC6=C5C(=C(C=C6)O)O4)CC7CC7)OC)(C(C)(C)C)O
CH$IUPAC: InChI=1S/C29H41NO4/c1-25(2,3)26(4,32)20-15-27-10-11-29(20,33-5)24-28(27)12-13-30(16-17-6-7-17)21(27)14-18-8-9-19(31)23(34-24)22(18)28/h8-9,17,20-21,24,31-32H,6-7,10-16H2,1-5H3/t20-,21-,24-,26+,27-,28+,29-/m1/s1
CH$LINK: CAS 52485-79-7
CH$LINK: ChemOnt CHEMONTID:0000025; Organic compounds; Benzenoids; Phenanthrenes and derivatives
CH$LINK: INCHIKEY RMRJXGBAOAMLHD-IHFGGWKQSA-N
CH$LINK: PUBCHEM CID:644073
AC$INSTRUMENT: TripleTof 5600+, AB Sciex
AC$INSTRUMENT_TYPE: LC-ESI-QTOF
AC$MASS_SPECTROMETRY: MS_TYPE MS2
AC$MASS_SPECTROMETRY: ION_MODE POSITIVE
AC$MASS_SPECTROMETRY: COLLISION_ENERGY 80 eV
AC$MASS_SPECTROMETRY: FRAGMENTATION_MODE CID
AC$MASS_SPECTROMETRY: IONIZATION ESI
AC$MASS_SPECTROMETRY: RESOLUTION 15000
AC$CHROMATOGRAPHY: COLUMN_NAME Kinetex 2.6 um Biphenyl 100 A, 100 x 2.1 mm, Phenomenex
AC$CHROMATOGRAPHY: FLOW_GRADIENT 98/2 at 0 min, 2/98 at 15 min, 2/98 at 16 min, 98/2 at 16.1 min, 98/2 at 20 min
AC$CHROMATOGRAPHY: FLOW_RATE 200 uL/min
AC$CHROMATOGRAPHY: RETENTION_TIME 6.792 min
AC$CHROMATOGRAPHY: SOLVENT A water with 0.5% acetic acid
AC$CHROMATOGRAPHY: SOLVENT B acetonitrile
MS$FOCUSED_ION: BASE_PEAK 55.0542
MS$FOCUSED_ION: PRECURSOR_M/Z 468.3108
MS$FOCUSED_ION: PRECURSOR_TYPE [M+H]+
PK$SPLASH: splash10-0le9-2940000000-ef72e4cba842cf36b6d0
PK$NUM_PEAK: 213
PK$PEAK: m/z int. rel.int.
  41.0386 72 52
  42.0338 39 28
  43.0178 30 22
  43.0542 23 17
  44.0495 26 19
  45.0335 15 11
  53.0386 90 65
  55.0542 1377 999
  56.0495 117 85
  57.0699 98 71
  58.0651 23 17
  59.0491 32 23
  67.0542 53 38
  69.0699 57 41
  70.0651 23 17
  71.0491 25 18
  77.0386 54 39
  79.0542 71 52
  80.0495 15 11
  81.0699 40 29
  82.0651 23 17
  83.0855 378 274
  84.0808 211 153
  85.0648 15 11
  89.0386 21 15
  91.0542 264 192
  93.0699 63 46
  94.0651 19 14
  95.0855 31 22
  96.0808 13 9
  97.0648 41 30
  98.0964 34 25
  99.0804 29 21
  101.0961 223 162
  102.0464 32 23
  103.0542 113 82
  105.0699 141 102
  106.0651 19 14
  107.0491 50 36
  107.0855 38 28
  108.0808 20 15
  109.0648 79 57
  110.0964 25 18
  111.0804 18 13
  112.1121 55 40
  115.0542 514 373
  116.0620 59 43
  117.0699 127 92
  118.0651 46 33
  119.0855 62 45
  120.0808 27 20
  121.0733 132 96
  123.0679 99 72
  125.0961 11 8
  126.0464 27 20
  127.0542 181 131
  128.0621 356 258
  129.0699 227 165
  130.0651 44 32
  131.0730 127 92
  132.0808 39 28
  133.0859 22 16
  139.0542 57 41
  140.0621 20 15
  141.0699 421 305
  142.0777 35 25
  143.0492 94 68
  144.0570 165 120
  145.0648 173 126
  146.0600 42 30
  147.0526 148 107
  150.0887 22 16
  151.0542 104 75
  151.1117 20 15
  152.0621 482 350
  153.0699 427 310
  154.0777 114 83
  155.0855 122 89
  157.0648 261 189
  158.0726 40 29
  159.0652 163 118
  159.0679 163 118
  161.0683 178 129
  164.0706 70 51
  165.0699 972 705
  166.0777 170 123
  167.0855 242 176
  168.0570 67 49
  169.0648 229 166
  171.0526 105 76
  172.0757 34 25
  173.0597 213 155
  175.0753 73 53
  176.0706 98 71
  177.0784 154 112
  178.0777 402 292
  179.0855 328 238
  181.0648 428 311
  182.0726 186 135
  183.0805 186 135
  184.0519 583 423
  185.0597 191 139
  186.0761 32 23
  187.0753 286 207
  188.0706 81 59
  190.0862 191 139
  191.0855 303 220
  192.0808 62 45
  193.0648 203 147
  194.0726 154 112
  195.0890 395 287
  196.0883 88 64
  197.0597 275 200
  198.0675 119 86
  199.0754 172 125
  200.0706 70 51
  202.0862 309 224
  203.0855 200 145
  204.0934 82 59
  205.0733 141 102
  207.0890 272 197
  208.0883 82 59
  209.0961 136 99
  210.0675 160 116
  211.0754 520 377
  212.0832 92 67
  213.0910 109 79
  214.0862 64 46
  215.0941 130 94
  216.1019 86 62
  217.1012 111 81
  218.0937 28 20
  219.0804 202 147
  220.0883 73 53
  221.0961 181 131
  222.0675 63 46
  223.0754 336 244
  224.0832 217 157
  225.0910 340 247
  227.0855 104 75
  228.1019 53 38
  229.0886 53 38
  230.1176 25 18
  231.0804 90 65
  232.0968 65 47
  233.0961 87 63
  234.0887 37 27
  235.0754 164 119
  236.0832 96 70
  237.0910 214 155
  238.0862 68 49
  239.1067 189 137
  240.0808 68 49
  241.0859 92 67
  242.0964 34 25
  243.1042 58 42
  244.1246 30 22
  246.1125 27 20
  247.1117 55 40
  248.0832 37 27
  249.0910 102 74
  250.0988 52 38
  251.1067 115 83
  252.0933 105 76
  253.0886 134 97
  254.1175 39 28
  255.1016 67 49
  256.1121 35 25
  258.1251 25 18
  259.1117 29 21
  261.1121 19 14
  262.0988 28 20
  263.1067 75 54
  264.1145 35 25
  265.1223 48 35
  266.1176 52 38
  267.1016 241 175
  269.1172 28 20
  271.1329 11 8
  273.1274 17 12
  275.1278 22 16
  276.1145 16 12
  277.1223 31 22
  278.1301 21 15
  279.1380 23 17
  280.1332 30 22
  281.1325 32 23
  282.1403 20 15
  284.1281 25 18
  285.1360 11 8
  291.1380 14 10
  292.1332 12 9
  294.1489 18 13
  295.1356 20 15
  296.1407 23 17
  297.1485 12 9
  298.1438 28 20
  306.1489 21 15
  308.1645 14 10
  310.1438 24 17
  312.1594 14 10
  324.1594 56 41
  326.1751 14 10
  338.1751 35 25
  340.1907 11 8
  342.1700 97 70
  352.1907 18 13
  354.1700 19 14
  368.2220 20 15
  370.2013 14 10
  396.2169 146 106
  414.2639 12 9
  468.3108 20 15
//
