ACCESSION: MSBNK-MUI-NPS0830
RECORD_TITLE: Buprenorphine; LC-ESI-QTOF; MS2; CE 75 eV; R=15000; [M+H]+
DATE: 2026.06.16
AUTHORS: Serafini D. (La Sapienza University of Rome), Oberacher H.(Medical University of Innsbruck, Institute of Legal Medicine and Core Facility Metabolomics)
LICENSE: CC BY
CH$NAME: Buprenorphine
CH$NAME: (1S,2S,6R,14R,15R,16R)-5-(cyclopropylmethyl)-16-[(2S)-2-hydroxy-3,3-dimethylbutan-2-yl]-15-methoxy-13-oxa-5-azahexacyclo[13.2.2.12,8.01,6.02,14.012,20]icosa-8(20),9,11-trien-11-ol
CH$NAME: Temgesic
CH$NAME: Buprenophine
CH$COMPOUND_CLASS: Non-Natural Product; Benzenoids; Phenanthrenes and derivatives
CH$FORMULA: C29H41NO4
CH$EXACT_MASS: 467.30356
CH$SMILES: C[C@]([C@H]1C[C@@]23CC[C@@]1([C@H]4[C@@]25CCN([C@@H]3CC6=C5C(=C(C=C6)O)O4)CC7CC7)OC)(C(C)(C)C)O
CH$IUPAC: InChI=1S/C29H41NO4/c1-25(2,3)26(4,32)20-15-27-10-11-29(20,33-5)24-28(27)12-13-30(16-17-6-7-17)21(27)14-18-8-9-19(31)23(34-24)22(18)28/h8-9,17,20-21,24,31-32H,6-7,10-16H2,1-5H3/t20-,21-,24-,26+,27-,28+,29-/m1/s1
CH$LINK: CAS 52485-79-7
CH$LINK: ChemOnt CHEMONTID:0000025; Organic compounds; Benzenoids; Phenanthrenes and derivatives
CH$LINK: INCHIKEY RMRJXGBAOAMLHD-IHFGGWKQSA-N
CH$LINK: PUBCHEM CID:644073
AC$INSTRUMENT: TripleTof 5600+, AB Sciex
AC$INSTRUMENT_TYPE: LC-ESI-QTOF
AC$MASS_SPECTROMETRY: MS_TYPE MS2
AC$MASS_SPECTROMETRY: ION_MODE POSITIVE
AC$MASS_SPECTROMETRY: COLLISION_ENERGY 75 eV
AC$MASS_SPECTROMETRY: FRAGMENTATION_MODE CID
AC$MASS_SPECTROMETRY: IONIZATION ESI
AC$MASS_SPECTROMETRY: RESOLUTION 15000
AC$CHROMATOGRAPHY: COLUMN_NAME Kinetex 2.6 um Biphenyl 100 A, 100 x 2.1 mm, Phenomenex
AC$CHROMATOGRAPHY: FLOW_GRADIENT 98/2 at 0 min, 2/98 at 15 min, 2/98 at 16 min, 98/2 at 16.1 min, 98/2 at 20 min
AC$CHROMATOGRAPHY: FLOW_RATE 200 uL/min
AC$CHROMATOGRAPHY: RETENTION_TIME 6.792 min
AC$CHROMATOGRAPHY: SOLVENT A water with 0.5% acetic acid
AC$CHROMATOGRAPHY: SOLVENT B acetonitrile
MS$FOCUSED_ION: BASE_PEAK 55.0542
MS$FOCUSED_ION: PRECURSOR_M/Z 468.3108
MS$FOCUSED_ION: PRECURSOR_TYPE [M+H]+
PK$SPLASH: splash10-0api-2950000000-aec9b6998e8c5a3dccd5
PK$NUM_PEAK: 228
PK$PEAK: m/z int. rel.int.
  41.0386 54 38
  42.0338 34 24
  43.0178 24 17
  43.0542 18 13
  44.0495 21 15
  45.0335 14 10
  53.0386 93 66
  55.0542 1407 999
  56.0495 127 90
  57.0699 103 73
  58.0651 30 21
  59.0491 31 22
  67.0542 44 31
  69.0699 64 45
  70.0651 24 17
  71.0491 28 20
  77.0386 44 31
  79.0542 59 42
  80.0495 13 9
  81.0699 44 31
  82.0651 31 22
  83.0855 438 311
  84.0808 272 193
  85.0648 16 11
  89.0386 15 11
  91.0542 227 161
  93.0699 75 53
  94.0651 16 11
  95.0855 48 34
  96.0808 18 13
  97.0648 49 35
  98.0964 55 39
  99.0804 39 28
  100.1121 17 12
  101.0961 322 229
  102.0464 26 18
  103.0542 96 68
  105.0699 159 113
  106.0651 20 14
  107.0491 43 31
  107.0855 36 26
  108.0808 22 16
  109.0648 87 62
  110.0964 23 16
  111.0804 25 18
  112.1121 81 58
  115.0542 418 297
  116.0620 50 36
  117.0699 129 92
  118.0651 40 28
  119.0855 60 43
  120.0808 32 23
  121.0733 154 109
  123.0679 121 86
  125.0961 15 11
  126.0464 19 13
  127.0542 147 104
  128.0621 294 209
  129.0699 178 126
  130.0651 29 21
  131.0729 142 101
  131.0730 142 101
  132.0808 38 27
  133.0859 29 21
  138.0913 14 10
  139.0542 44 31
  140.0621 19 13
  141.0699 406 288
  142.0777 28 20
  143.0492 90 64
  144.0570 154 109
  145.0648 180 128
  146.0600 43 31
  147.0526 171 121
  150.0886 20 14
  151.0542 76 54
  151.1117 34 24
  152.0621 359 255
  153.0699 360 256
  154.0777 93 66
  155.0855 125 89
  157.0648 233 165
  158.0726 40 28
  159.0652 166 118
  159.0678 166 118
  161.0683 197 140
  164.0706 59 42
  165.0699 812 577
  166.0777 161 114
  167.0855 209 148
  168.0570 62 44
  169.0648 219 155
  171.0526 99 70
  172.0730 32 23
  172.0757 32 23
  173.0597 243 173
  175.0753 88 62
  176.0706 101 72
  177.0784 130 92
  178.0777 345 245
  179.0855 293 208
  181.0648 392 278
  182.0726 154 109
  183.0804 203 144
  184.0519 636 452
  185.0597 216 153
  186.0761 36 26
  187.0754 412 293
  188.0706 95 67
  190.0862 197 140
  191.0855 282 200
  192.0808 57 40
  193.0648 242 172
  194.0726 143 102
  195.0890 411 292
  196.0883 81 58
  197.0597 248 176
  198.0675 113 80
  199.0753 210 149
  200.0706 67 48
  202.0862 281 200
  203.0855 198 141
  204.0933 90 64
  205.0733 120 85
  207.0890 267 190
  208.0883 80 57
  209.0961 156 111
  210.0675 169 120
  211.0753 620 440
  212.0832 108 77
  213.0910 136 97
  214.0862 75 53
  215.0941 122 87
  216.1019 97 69
  217.1012 113 80
  218.0938 33 23
  219.0804 214 152
  220.0883 69 49
  221.0961 224 159
  222.0675 55 39
  223.0754 383 272
  224.0832 231 164
  225.0910 446 317
  227.0855 132 94
  228.1019 61 43
  229.0886 64 45
  230.1176 35 25
  231.0804 113 80
  232.0968 72 51
  233.0961 102 72
  234.0887 36 26
  235.0754 181 129
  236.0832 121 86
  237.0910 281 200
  238.0862 88 62
  239.1067 259 184
  240.0808 99 70
  241.0859 111 79
  242.0964 47 33
  243.1016 120 85
  244.1246 21 15
  246.1125 29 21
  247.1117 81 58
  248.0832 37 26
  249.0910 111 79
  250.0988 71 50
  251.1067 131 93
  252.0933 125 89
  253.0886 170 121
  254.1176 50 36
  255.1016 97 69
  256.1121 51 36
  258.1251 19 13
  259.1117 33 23
  261.1121 25 18
  262.0988 42 30
  263.1066 104 74
  264.1145 45 32
  265.1223 80 57
  266.1176 61 43
  267.1016 318 226
  269.1172 45 32
  271.1329 16 11
  272.1281 10 7
  273.1274 25 18
  275.1278 23 16
  276.1145 20 14
  277.1223 43 31
  278.1301 27 19
  279.1380 36 26
  280.1332 47 33
  281.1325 46 33
  282.1403 31 22
  283.1329 25 18
  284.1281 38 27
  285.1359 12 9
  289.1223 17 12
  291.1380 33 23
  292.1332 20 14
  293.1536 12 9
  294.1489 21 15
  295.1329 35 25
  296.1407 24 17
  297.1485 17 12
  298.1438 42 30
  305.1536 10 7
  306.1489 25 18
  307.1567 13 9
  308.1645 22 16
  309.1485 13 9
  310.1438 35 25
  311.1642 12 9
  312.1594 29 21
  324.1594 93 66
  326.1751 31 22
  336.1958 17 12
  338.1751 71 50
  340.1907 27 19
  342.1700 141 100
  352.1907 39 28
  354.1700 40 28
  366.2064 12 9
  368.2220 44 31
  370.2013 40 28
  378.2064 11 8
  396.2169 317 225
  414.2639 38 27
  468.3108 86 61
//
