ACCESSION: MSBNK-MassBank-NPS0824
RECORD_TITLE: Buprenorphine; LC-ESI-QTOF; MS2; CE 45 eV; R=15000; [M+H]+
DATE: 2026.06.16
AUTHORS: Serafini D. (La Sapienza University of Rome), Oberacher H.(Medical University of Innsbruck, Institute of Legal Medicine and Core Facility Metabolomics)
LICENSE: CC BY
CH$NAME: Buprenorphine
CH$NAME: (1S,2S,6R,14R,15R,16R)-5-(cyclopropylmethyl)-16-[(2S)-2-hydroxy-3,3-dimethylbutan-2-yl]-15-methoxy-13-oxa-5-azahexacyclo[13.2.2.12,8.01,6.02,14.012,20]icosa-8(20),9,11-trien-11-ol
CH$NAME: Temgesic
CH$NAME: Buprenophine
CH$COMPOUND_CLASS: Non-Natural Product; Benzenoids; Phenanthrenes and derivatives
CH$FORMULA: C29H41NO4
CH$EXACT_MASS: 467.30356
CH$SMILES: C[C@]([C@H]1C[C@@]23CC[C@@]1([C@H]4[C@@]25CCN([C@@H]3CC6=C5C(=C(C=C6)O)O4)CC7CC7)OC)(C(C)(C)C)O
CH$IUPAC: InChI=1S/C29H41NO4/c1-25(2,3)26(4,32)20-15-27-10-11-29(20,33-5)24-28(27)12-13-30(16-17-6-7-17)21(27)14-18-8-9-19(31)23(34-24)22(18)28/h8-9,17,20-21,24,31-32H,6-7,10-16H2,1-5H3/t20-,21-,24-,26+,27-,28+,29-/m1/s1
CH$LINK: CAS 52485-79-7
CH$LINK: ChemOnt CHEMONTID:0000025; Organic compounds; Benzenoids; Phenanthrenes and derivatives
CH$LINK: INCHIKEY RMRJXGBAOAMLHD-IHFGGWKQSA-N
CH$LINK: PUBCHEM CID:644073
AC$INSTRUMENT: TripleTof 5600+, AB Sciex
AC$INSTRUMENT_TYPE: LC-ESI-QTOF
AC$MASS_SPECTROMETRY: MS_TYPE MS2
AC$MASS_SPECTROMETRY: ION_MODE POSITIVE
AC$MASS_SPECTROMETRY: COLLISION_ENERGY 45 eV
AC$MASS_SPECTROMETRY: FRAGMENTATION_MODE CID
AC$MASS_SPECTROMETRY: IONIZATION ESI
AC$MASS_SPECTROMETRY: RESOLUTION 15000
AC$CHROMATOGRAPHY: COLUMN_NAME Kinetex 2.6 um Biphenyl 100 A, 100 x 2.1 mm, Phenomenex
AC$CHROMATOGRAPHY: FLOW_GRADIENT 98/2 at 0 min, 2/98 at 15 min, 2/98 at 16 min, 98/2 at 16.1 min, 98/2 at 20 min
AC$CHROMATOGRAPHY: FLOW_RATE 200 uL/min
AC$CHROMATOGRAPHY: RETENTION_TIME 6.792 min
AC$CHROMATOGRAPHY: SOLVENT A water with 0.5% acetic acid
AC$CHROMATOGRAPHY: SOLVENT B acetonitrile
MS$FOCUSED_ION: BASE_PEAK 468.3108
MS$FOCUSED_ION: PRECURSOR_M/Z 468.3108
MS$FOCUSED_ION: PRECURSOR_TYPE [M+H]+
PK$SPLASH: splash10-014i-0121900000-af762a741604c7854ba9
PK$NUM_PEAK: 209
PK$PEAK: m/z int. rel.int.
  55.0542 1207 24
  69.0699 71 1
  81.0699 54 1
  82.0651 35 1
  83.0855 381 8
  84.0808 706 14
  85.1012 92 2
  91.0542 81 2
  93.0699 70 1
  95.0855 71 1
  97.0648 86 2
  98.0964 197 4
  99.0804 129 3
  100.1121 82 2
  101.0961 1348 27
  105.0699 97 2
  107.0855 82 2
  109.0648 85 2
  110.0964 41 1
  111.1042 89 2
  112.1121 287 6
  115.0542 90 2
  117.0699 50 1
  119.0855 78 2
  121.0733 144 3
  123.0679 197 4
  125.0961 51 1
  127.0542 33 1
  128.0621 56 1
  129.0699 62 1
  131.0730 85 2
  133.0859 49 1
  140.1070 48 1
  141.0699 101 2
  143.0492 56 1
  144.0570 37 1
  145.0648 67 1
  147.0526 102 2
  151.1117 90 2
  152.0621 60 1
  153.0699 68 1
  155.1431 74 1
  157.0648 105 2
  159.0678 111 2
  161.0683 187 4
  164.0706 75 2
  165.0699 154 3
  166.0777 29 1
  167.0855 69 1
  169.0648 80 2
  171.0526 47 1
  173.0597 318 6
  175.0754 176 4
  176.0706 105 2
  177.0784 78 2
  178.0777 59 1
  179.0855 66 1
  181.0648 171 3
  182.0726 40 1
  183.0804 87 2
  184.0519 333 7
  185.0597 215 4
  186.0761 33 1
  187.0753 1271 26
  188.0706 93 2
  190.0862 165 3
  191.0855 93 2
  193.0648 220 4
  194.0726 32 1
  195.0890 197 4
  196.0883 25 1
  197.0597 213 4
  198.0675 65 1
  199.0753 348 7
  200.0706 51 1
  202.0862 253 5
  203.0855 90 2
  204.0934 60 1
  205.1461 58 1
  207.0890 156 3
  208.0883 32 1
  209.0961 142 3
  210.0675 71 1
  211.0753 709 14
  212.0832 163 3
  213.0910 228 5
  214.0862 94 2
  215.0941 96 2
  216.1019 120 2
  217.1012 137 3
  218.0964 50 1
  219.0805 170 3
  220.0883 31 1
  221.0961 267 5
  223.0753 488 10
  224.0832 105 2
  225.0910 588 12
  227.0855 142 3
  228.1019 68 1
  229.0886 94 2
  230.1175 110 2
  233.0961 113 2
  235.0754 163 3
  236.0832 125 3
  237.0910 528 11
  238.0862 99 2
  239.1067 558 11
  240.0781 203 4
  241.0859 301 6
  242.0938 186 4
  243.1016 936 19
  244.1247 187 4
  247.1117 258 5
  249.0910 159 3
  250.0988 106 2
  251.1067 308 6
  252.0934 72 1
  253.0886 276 6
  254.1176 77 2
  255.1016 236 5
  256.1094 164 3
  257.1172 127 3
  258.1277 30 1
  261.1148 83 2
  263.1067 265 5
  264.1145 63 1
  265.1223 484 10
  266.1175 207 4
  267.1016 568 11
  268.1094 382 8
  269.1172 265 5
  271.1329 150 3
  275.1278 37 1
  277.1223 137 3
  278.1301 50 1
  279.1380 183 4
  280.1332 120 2
  281.1410 168 3
  283.1329 209 4
  284.1281 73 1
  285.1360 38 1
  286.1438 44 1
  288.1958 32 1
  291.1380 259 5
  293.1536 118 2
  294.1489 80 2
  295.1329 225 5
  297.1485 284 6
  298.1438 205 4
  303.1743 35 1
  305.1536 55 1
  306.1489 56 1
  307.1567 74 1
  308.1645 170 3
  309.1485 128 3
  310.1438 85 2
  311.1641 185 4
  312.1594 339 7
  314.1751 30 1
  319.1692 102 2
  320.1645 37 1
  321.1849 160 3
  322.1802 55 1
  323.1642 113 2
  324.1594 465 9
  325.1672 34 1
  326.1751 509 10
  328.1544 31 1
  333.1849 87 2
  334.1802 45 1
  335.2006 79 2
  336.1958 143 3
  337.1825 89 2
  338.1751 640 13
  339.1829 285 6
  340.1907 434 9
  341.1985 69 1
  342.1700 180 4
  347.2006 46 1
  351.1981 119 2
  352.1907 317 6
  353.2111 151 3
  354.1700 61 1
  356.1857 35 1
  362.2115 74 1
  364.2271 283 6
  365.2111 67 1
  366.2064 208 4
  367.2142 248 5
  368.2220 481 10
  370.2013 733 15
  376.2271 28 1
  378.2064 44 1
  379.2268 26 1
  380.2220 154 3
  381.2298 25 1
  382.2377 178 4
  394.2377 178 4
  396.2169 3764 76
  408.2533 175 4
  410.2326 121 2
  411.2404 284 6
  412.2482 107 2
  414.2639 4620 93
  418.2741 137 3
  426.2639 432 9
  436.2846 84 2
  450.3003 371 8
  468.3108 49375 999
//
