ACCESSION: MSBNK-Qingdao_University-QDU00007
RECORD_TITLE: dibutylhydrogenphosphate; LC-ESI-QFT; MS2; CE: 15 eV; [M-H]-
DATE: 2025.12.10
AUTHORS: Cuili Zhang, Hongna Zhang, Pengfei Wu, Bing Wang, Yating Xiao, Xinxin Gu, Yongbiao Wan, Ming Li, Yongfeng Lin, Wei Gao, Xiaoran Wei, Juntong Wei, Yuxin Zheng
LICENSE: CC BY
COPYRIGHT: Qingdao University (QDU)
CH$NAME: dibutylhydrogenphosphate
CH$COMPOUND_CLASS: N/A
CH$FORMULA: C8H19O4P
CH$EXACT_MASS: 210.102100
CH$SMILES: CCCCOP(=O)(O)OCCCC
CH$IUPAC: InChI=1S/C8H19O4P/c1-3-5-7-11-13(9,10)12-8-6-4-2/h3-8H2,1-2H3,(H,9,10)
CH$LINK: INCHIKEY JYFHYPJRHGVZDY-UHFFFAOYSA-N
AC$INSTRUMENT: Thermo Scientific Orbitrap Exploris 480 Quadrupole Orbitrap MS
AC$INSTRUMENT_TYPE: LC-ESI-QFT
AC$MASS_SPECTROMETRY: MS_TYPE MS2
AC$MASS_SPECTROMETRY: ION_MODE NEGATIVE
AC$MASS_SPECTROMETRY: COLLISION_ENERGY 15 eV
AC$CHROMATOGRAPHY: COLUMN_NAME Hypersil GOLD C18 Column (1.9 μm, 2.1×100 mm)
AC$CHROMATOGRAPHY: FLOW_GRADIENT 5/95 at 0-1 min, 80/20 at 1.5-4 min, 100/0 at 4.1-8 min, 5/95 at 10 min
AC$CHROMATOGRAPHY: RETENTION_TIME 3.43 min
AC$CHROMATOGRAPHY: SOLVENT A methanol
AC$CHROMATOGRAPHY: SOLVENT B water with 0.1% formic acid
MS$FOCUSED_ION: PRECURSOR_M/Z 209.0941
MS$FOCUSED_ION: PRECURSOR_TYPE [M-H]-
PK$SPLASH: splash10-004i-9530000000-fac709323a7fc1bec69e
PK$NUM_PEAK: 172
PK$PEAK: m/z int. rel.int.
  52.2739 4802 1
  53.9334 4028 0
  54.4776 4949 1
  55.0187 6395 1
  56.6458 4086 0
  56.7653 4296 0
  57.0344 16597 2
  59.0137 13735 2
  62.9639 15622 2
  63.1521 4284 0
  63.4592 4952 1
  64.4906 4499 1
  67.4793 5099 1
  67.6079 4213 0
  67.9165 4727 1
  68.0969 4090 0
  69.0344 17682 2
  71.0501 13817 2
  72.9929 5658 1
  74.4363 4308 0
  74.7598 4557 1
  77.0395 6165 1
  77.6802 4900 1
  78.9203 4277 0
  78.9218 5936 1
  78.9512 7108 1
  78.9526 5021 1
  78.9548 6124 1
  78.9556 8476 1
  78.9559 8695 1
  78.9569 14325 2
  78.9588 8937917 999
  78.9594 47225 5
  78.9597 6950 1
  78.9600 101888 11
  78.9603 76674 9
  78.9607 28385 3
  78.9612 22678 3
  78.9616 9132 1
  78.9625 15812 2
  78.9631 4034 0
  78.9661 5363 1
  79.4034 4610 1
  79.6944 4751 1
  79.9079 4796 1
  79.9572 58198 7
  80.1804 4388 0
  80.9632 4602 1
  80.9650 35195 4
  82.1981 4523 1
  83.0500 6466 1
  87.0450 4600 1
  91.6618 4628 1
  91.8398 4459 0
  92.3708 4771 1
  92.5004 4739 1
  93.0344 6363 1
  93.0707 5602 1
  93.9728 4921 1
  93.9823 5085 1
  95.0500 8391 1
  96.9599 63613 7
  96.9694 76721 9
  97.0656 7374 1
  97.9572 7147 1
  98.9650 1172803 131
  103.0550 5739 1
  106.0421 15199 2
  107.0500 8538 1
  107.8560 4178 0
  109.0569 4274 0
  109.9772 12090 1
  110.9817 8199 1
  110.9825 21701 2
  110.9829 9134 1
  110.9850 3016748 337
  110.9869 25135 3
  110.9875 21060 2
  111.0812 8632 1
  111.9728 6388 1
  111.9884 20960 2
  115.0398 8537 1
  118.8075 4607 1
  119.6735 4564 1
  119.9314 6300 1
  120.9962 6036 1
  121.0292 17289 2
  121.0656 17877 2
  121.1020 7342 1
  123.0814 10317 1
  123.9928 18855 2
  124.9977 6941 1
  125.0006 1485456 166
  126.0040 13800 2
  131.0501 63481 7
  133.0657 33187 4
  134.0736 7168 1
  134.7536 5023 1
  135.0449 5097 1
  135.0813 9414 1
  136.0164 4595 1
  137.0241 14529 2
  137.0970 18456 2
  139.0164 178640 20
  140.0197 4437 0
  144.4756 4569 1
  147.1177 11362 1
  149.0607 6694 1
  149.0969 13562 2
  150.0320 19666 2
  153.0320 327700 37
  154.0351 9454 1
  154.1138 5232 1
  162.5933 4583 1
  163.1124 18478 2
  165.0553 76827 9
  165.0708 5403 1
  165.0917 35822 4
  165.1280 72151 8
  166.0588 5904 1
  166.0948 8113 1
  166.1315 6162 1
  167.0474 104976 12
  167.0861 5654 1
  167.1073 7965 1
  177.0224 10182 1
  177.0554 4805 1
  178.9104 7656 1
  179.0863 6213 1
  179.1071 5527 1
  179.1439 4752 1
  180.0897 11763 1
  181.0631 890360 100
  181.0865 9442 1
  181.1229 6186 1
  182.0664 26783 3
  191.0346 7662 1
  191.0862 12160 1
  207.0810 9033 1
  207.8920 6003 1
  208.0818 10919 1
  208.0845 16906 2
  208.0892 11570 1
  208.1054 12032 1
  208.1085 8435 1
  208.1418 9351 1
  209.0451 22951 3
  209.0484 69351 8
  209.0606 26815 3
  209.0744 632474 71
  209.0815 44157 5
  209.0848 108822 12
  209.0916 50083 6
  209.0941 2969074 332
  209.1009 22364 2
  209.1061 5329 1
  209.1096 5097 1
  209.1178 189074 21
  209.1330 9932 1
  209.1542 103356 12
  210.0777 38652 4
  210.0850 8526 1
  210.0880 9893 1
  210.0976 164872 18
  210.1007 8702 1
  210.1211 14800 2
  210.1574 6897 1
  212.7051 4404 0
  216.5052 4751 1
  227.9389 5293 1
  227.9421 4736 1
  233.7640 5346 1
//
