ACCESSION: MSBNK-Qingdao_University-QDU00003
RECORD_TITLE: butylethylhydrogenphosphate; LC-ESI-QFT; MS2; CE: 15 eV; [M-H]-
DATE: 2025.12.10
AUTHORS: Cuili Zhang
LICENSE: CC BY
COPYRIGHT: Qingdao University (QDU)
CH$NAME: butylethylhydrogenphosphate
CH$COMPOUND_CLASS: N/A
CH$FORMULA: C6H15O4P
CH$EXACT_MASS: 182.070800
CH$SMILES: CCCCOP(=O)(O)OCC
CH$IUPAC: InChI=InChI=1S/C6H15O4P/c1-3-5-6-10-11(7,8)9-4-2/h3-6H2,1-2H3,(H,7,8)  
CH$LINK: INCHIKEY OYUDTSOHULXQEL-UHFFFAOYSA-N
AC$INSTRUMENT: Thermo Scientific Orbitrap Exploris 480 Quadrupole Orbitrap MS
AC$INSTRUMENT_TYPE: LC-ESI-QFT
AC$MASS_SPECTROMETRY: MS_TYPE MS2
AC$MASS_SPECTROMETRY: ION_MODE NEGATIVE
AC$MASS_SPECTROMETRY: COLLISION_ENERGY 15 eV
AC$CHROMATOGRAPHY: COLUMN_NAME Hypersil GOLD C18 Column (1.9 μm, 2.1×100 mm)
AC$CHROMATOGRAPHY: RETENTION_TIME 3.03 min
MS$FOCUSED_ION: PRECURSOR_M/Z 181.0631
MS$FOCUSED_ION: PRECURSOR_TYPE [M-H]-
PK$SPLASH: splash10-0000-0000000000-0000000000
PK$NUM_PEAK: 114
PK$PEAK: m/z int. rel.int.
41.3859 23417 0
42.8401 26166 0
43.3403 24887 0
45.2001 22222 0
47.3456 23909 0
48.0591 22854 0
48.5620 26009 0
50.4919 23824 0
51.1027 28973 1
51.2850 24657 0
51.7801 23254 0
53.1631 23105 0
57.0345 26339 0
57.4513 25953 0
59.0137 60617 1
60.1664 23809 0
60.7863 25313 0
62.9640 86091 2
70.0416 26653 0
71.0138 36535 1
73.8416 25344 0
78.9210 29910 1
78.9218 40895 1
78.9225 32528 1
78.9547 42900 1
78.9561 37712 1
78.9564 40981 1
78.9573 298609 5
78.9589 55020040 999
78.9601 553573 10
78.9603 364014 7
78.9608 182752 3
78.9612 92435 2
78.9633 36325 1
78.9648 36708 1
78.9955 52962 1
79.5078 27745 1
79.9572 179435 3
79.9632 77094 1
80.4192 25744 0
80.9650 57073 1
81.0343 50257 1
81.9531 44312 1
85.2147 28124 1
86.5915 27059 0
86.9883 22755 0
87.6327 29019 1
89.6225 27948 1
93.0343 441720 8
93.0707 28795 1
93.9822 26799 0
95.0500 52475 1
96.9599 165198 3
96.9694 434366 8
97.0658 30628 1
97.1435 22957 0
98.9651 2076363 38
98.9663 41718 1
98.9665 35279 1
101.0242 33012 1
101.0428 25910 0
102.0769 22988 0
102.6610 22579 0
104.9371 25765 0
106.0629 29903 1
107.0500 30734 1
108.0535 28279 1
109.0293 38939 1
109.0657 113825 2
109.9772 24472 0
110.9825 54499 1
110.9850 9687721 176
111.9885 73086 1
113.3514 23595 0
116.0923 25082 0
116.7059 25659 0
117.4198 23309 0
121.0293 52020 1
121.0657 30171 1
123.9929 116253 2
125.0007 9656734 175
125.0031 41607 1
125.0036 47556 1
125.0970 26710 0
126.0041 151935 3
135.0814 36628 1
136.9836 32796 1
137.0242 127601 2
137.0605 131082 2
137.0971 235646 4
137.4348 23073 0
138.0320 37493 1
138.1520 27463 0
139.0164 887109 16
139.0764 48359 1
149.0242 40864 1
153.0320 4700020 85
153.0556 45294 1
154.0354 201887 4
163.0757 32436 1
171.5208 28418 1
178.0794 25380 0
180.8987 24714 0
181.0137 94919 2
181.0174 24658 0
181.0432 476585 9
181.0502 82404 1
181.0536 222974 4
181.0631 5388578 98
181.0866 189896 3
181.1231 81035 1
181.3357 23430 0
182.0666 267262 5
191.3292 24538 0
//
