ACCESSION: MSBNK-Qingdao_University-QDU00010
RECORD_TITLE: 1-[ethoxy(fluoro)phosphoryl]oxypropane; LC-ESI-QFT; MS2; CE: 15 eV; [M-H]-
DATE: 2025.12.10
AUTHORS: Cuili Zhang, Hongna Zhang, Pengfei Wu, Bing Wang, Yating Xiao, Xinxin Gu, Yongbiao Wan, Ming Li, Yongfeng Lin, Wei Gao, Xiaoran Wei, Juntong Wei, Yuxin Zheng
LICENSE: CC BY
COPYRIGHT: Qingdao University (QDU)
CH$NAME: 1-[ethoxy(fluoro)phosphoryl]oxypropane
CH$COMPOUND_CLASS: N/A
CH$FORMULA: C5H12FO3P
CH$EXACT_MASS: 170.050800
CH$SMILES: CCCOP(=O)(OCC)F
CH$IUPAC: InChI=1S/C5H12FO3P/c1-3-5-9-10(6,7)8-4-2/h3-5H2,1-2H3
CH$LINK: INCHIKEY FYEVDJVVTNKXLQ-UHFFFAOYSA-N
AC$INSTRUMENT: Thermo Scientific Orbitrap Exploris 480 Quadrupole Orbitrap MS
AC$INSTRUMENT_TYPE: LC-ESI-QFT
AC$MASS_SPECTROMETRY: MS_TYPE MS2
AC$MASS_SPECTROMETRY: ION_MODE NEGATIVE
AC$MASS_SPECTROMETRY: COLLISION_ENERGY 15 eV
AC$CHROMATOGRAPHY: COLUMN_NAME Hypersil GOLD C18 Column (1.9 μm, 2.1×100 mm)
AC$CHROMATOGRAPHY: FLOW_GRADIENT 5/95 at 0-1 min, 80/20 at 1.5-4 min, 100/0 at 4.1-8 min, 5/95 at 10 min
AC$CHROMATOGRAPHY: RETENTION_TIME 3.03 min
AC$CHROMATOGRAPHY: SOLVENT A methanol
AC$CHROMATOGRAPHY: SOLVENT B water with 0.1% formic acid
MS$FOCUSED_ION: PRECURSOR_M/Z 169.0431
MS$FOCUSED_ION: PRECURSOR_TYPE [M-H]-
PK$SPLASH: splash10-0002-9200000000-4632004186a80aa43919
PK$NUM_PEAK: 129
PK$PEAK: m/z int. rel.int.
  41.0031 22402 2
  42.8946 6859 1
  43.0188 17672 1
  43.0482 6598 1
  43.9247 7223 1
  44.6644 6652 1
  44.7768 8136 1
  44.9981 20014 2
  45.2467 7043 1
  48.3820 6716 1
  48.6402 6354 0
  48.6727 7101 1
  49.2809 7153 1
  51.7496 6719 1
  52.1415 7815 1
  54.7546 7706 1
  55.0187 9152 1
  57.0344 29005 2
  59.0137 26695 2
  59.6508 7431 1
  60.4886 8657 1
  61.1181 7287 1
  61.9947 7577 1
  62.9640 20848 2
  63.4965 6679 1
  65.3725 7179 1
  67.0188 8331 1
  67.1441 8842 1
  68.9980 9769 1
  69.0344 37203 3
  70.2899 9142 1
  70.5325 7150 1
  71.0500 22303 2
  72.9930 10961 1
  74.0008 8805 1
  77.2964 7890 1
  78.9588 3383984 260
  78.9603 18335 1
  79.9572 58935 5
  80.0266 9169 1
  80.9632 11741 1
  80.9649 21970 2
  81.0344 25668 2
  81.9530 42855 3
  81.9624 8613 1
  82.0400 6701 1
  82.9607 10523 1
  83.0501 35060 3
  84.0215 7269 1
  84.2269 7322 1
  85.0292 8991 1
  89.3680 8348 1
  93.0343 7420 1
  93.9728 7895 1
  97.0293 23439 2
  97.0656 58131 4
  97.2005 7815 1
  97.9572 15057 1
  98.0007 28176 2
  98.9592 8942 1
  98.9604 20633 2
  98.9622 32057 2
  98.9628 82674 6
  98.9633 76027 6
  98.9650 13001817 999
  98.9667 62060 5
  98.9671 106532 8
  98.9677 32857 3
  98.9697 10001 1
  98.9701 12101 1
  99.0159 7386 1
  99.0171 7850 1
  99.0448 10862 1
  99.9692 8946 1
  100.9607 478572 37
  107.0500 8268 1
  107.0864 9903 1
  107.3520 7700 1
  109.0293 10536 1
  109.0656 20225 2
  110.1123 7180 1
  110.9850 112648 9
  111.0085 14924 1
  111.9728 47135 4
  112.0164 17097 1
  114.0600 7847 1
  115.5702 8068 1
  121.6570 9328 1
  122.9626 18668 1
  122.9850 46617 4
  123.0813 90361 7
  124.0481 7295 1
  124.0847 15860 1
  125.0007 127664 10
  125.0242 10236 1
  125.0606 42794 3
  125.0969 121958 9
  126.0320 9072 1
  127.0763 10286 1
  129.5525 7856 1
  134.9826 62235 5
  136.9907 8111 1
  139.0399 12655 1
  139.0762 17030 1
  139.3818 7718 1
  140.9957 198666 15
  148.4118 7858 1
  148.4622 6975 1
  151.0762 25473 2
  154.9649 7118 1
  162.2394 7314 1
  166.0740 11779 1
  168.0578 15334 1
  168.1023 8242 1
  168.1106 20646 2
  169.0042 39029 3
  169.0268 57813 4
  169.0431 1864078 143
  169.0502 22689 2
  169.0655 105778 8
  169.0865 170323 13
  169.1016 11449 1
  169.1230 107071 8
  170.0078 8365 1
  170.0466 77463 6
  170.0688 11464 1
  170.0900 10189 1
  188.5042 8034 1
  189.3192 8267 1
//
