ACCESSION: MSBNK-Qingdao_University-QDU00008
RECORD_TITLE: methyl 2-{[hydroxy(octyloxy)phosphoryl]oxy}acetate; LC-ESI-QFT; MS2; CE: 15 eV; [M-H]-
DATE: 2025.12.10
AUTHORS: Cuili Zhang, Hongna Zhang, Pengfei Wu, Bing Wang, Yating Xiao, Xinxin Gu, Yongbiao Wan, Ming Li, Yongfeng Lin, Wei Gao, Xiaoran Wei, Juntong Wei, Yuxin Zheng
LICENSE: CC BY
COPYRIGHT: Qingdao University (QDU)
COMMENT: CONFIDENCE Tentative candidate (Level 3)
CH$NAME: methyl 2-{[hydroxy(octyloxy)phosphoryl]oxy}acetate
CH$COMPOUND_CLASS: N/A
CH$FORMULA: C11H23O6P
CH$EXACT_MASS: 282.123200
CH$SMILES: O=P(OCCCCCCCC)(O)OCC(OC)=O
CH$IUPAC: InChI=1S/C11H23O6P/c1-3-4-5-6-7-8-9-16-18(13,14)17-10-11(12)15-2/h3-10H2,1-2H3,(H,13,14)
CH$LINK: INCHIKEY KQWFHQGMRAXFAJ-UHFFFAOYSA-N
AC$INSTRUMENT: Thermo Scientific Orbitrap Exploris 480 Quadrupole Orbitrap MS
AC$INSTRUMENT_TYPE: LC-ESI-QFT
AC$MASS_SPECTROMETRY: MS_TYPE MS2
AC$MASS_SPECTROMETRY: ION_MODE NEGATIVE
AC$MASS_SPECTROMETRY: COLLISION_ENERGY 15 eV
AC$CHROMATOGRAPHY: COLUMN_NAME Hypersil GOLD C18 Column (1.9 μm, 2.1×100 mm)
AC$CHROMATOGRAPHY: FLOW_GRADIENT 5/95 at 0-1 min, 80/20 at 1.5-4 min, 100/0 at 4.1-8 min, 5/95 at 10 min
AC$CHROMATOGRAPHY: FLOW_RATE 0.3 mL/min
AC$CHROMATOGRAPHY: RETENTION_TIME 3.23 min
AC$CHROMATOGRAPHY: SOLVENT A methanol
AC$CHROMATOGRAPHY: SOLVENT B water with 0.1% formic acid
MS$FOCUSED_ION: PRECURSOR_M/Z 281.1152
MS$FOCUSED_ION: PRECURSOR_TYPE [M-H]-
PK$SPLASH: splash10-001i-2390000000-f3dbdde5c63842c59658
PK$NUM_PEAK: 487
PK$PEAK: m/z int. rel.int.
  50.0521 1992 2
  51.1781 1856 2
  51.9487 2040 2
  52.0545 2089 2
  53.9558 1804 2
  55.0188 5044 4
  55.8400 1815 2
  56.8363 1822 2
  57.0344 17529 15
  57.6324 1776 2
  57.6496 1630 1
  58.0059 1922 2
  58.2120 1684 1
  58.2628 1708 1
  58.6112 1637 1
  58.7303 1772 2
  59.0137 73120 63
  59.3720 1876 2
  60.0170 2308 2
  62.0374 1709 1
  62.4218 1922 2
  62.9640 6687 6
  63.3368 1713 1
  63.9623 2014 2
  64.9701 10218 9
  67.2421 1813 2
  67.6179 1930 2
  68.9980 3725 3
  69.0344 5790 5
  70.7696 2050 2
  71.0137 12511 11
  71.0501 22769 20
  72.0876 1825 2
  72.9930 15168 13
  73.0294 35725 31
  73.0658 14295 12
  75.0086 388828 334
  75.4205 1734 1
  76.0120 5704 5
  77.8933 2114 2
  78.9574 3049 3
  78.9589 616928 529
  78.9604 2752 2
  79.9561 4256 4
  79.9572 61414 53
  80.9650 86570 74
  81.9530 1893 2
  82.9609 10100 9
  83.0136 2802 2
  83.0501 11028 9
  85.0293 9250 8
  85.0657 11983 10
  85.4534 1834 2
  87.0085 8361 7
  87.0450 17323 15
  87.0814 8428 7
  89.0242 92727 80
  90.9946 2570 2
  91.0550 2016 2
  92.8399 1866 2
  93.9727 3085 3
  94.9806 90899 78
  95.0137 1895 2
  95.0501 5875 5
  95.0864 2295 2
  96.5914 2084 2
  96.9598 15529 13
  96.9694 33065 28
  97.0293 4884 4
  97.0656 9661 8
  98.0007 3886 3
  98.3727 2037 2
  98.9650 274194 235
  99.0085 8459 7
  99.0450 11832 10
  99.0814 11828 10
  99.9256 2218 2
  100.0485 1857 2
  100.9334 5218 4
  101.0242 7288 6
  101.0606 22979 20
  101.0970 3001 3
  102.9450 1819 2
  103.0398 3532 3
  107.0499 2441 2
  107.0864 3918 3
  107.8616 1876 2
  107.9007 1892 2
  108.9963 15897 14
  109.0656 10921 9
  110.9825 5987 5
  110.9831 4369 4
  110.9850 794654 682
  110.9883 3200 3
  111.0085 2509 2
  111.0450 7168 6
  111.0813 13449 12
  111.9884 4084 4
  112.0847 2512 2
  112.9807 8027 7
  113.0242 6700 6
  113.0606 5493 5
  113.0970 6571 6
  115.0398 5392 5
  115.0762 26557 23
  116.9283 2718 2
  117.0555 10684 9
  117.2040 1956 2
  119.0500 4155 4
  120.9964 2248 2
  121.0293 2965 3
  121.0656 3890 3
  121.1019 1800 2
  122.9758 2074 2
  122.9850 12544 11
  123.0448 4377 4
  123.0813 7200 6
  125.0007 463944 398
  125.0242 5941 5
  125.0606 8629 7
  125.0970 10108 9
  126.0040 9264 8
  126.9963 3261 3
  127.0399 3280 3
  127.0763 9377 8
  127.1127 1987 2
  129.0192 2621 2
  129.0556 3364 3
  129.0919 31624 27
  130.0953 2500 2
  130.8826 1773 2
  133.0657 2383 2
  133.1021 2243 2
  135.0085 1920 2
  135.0118 2198 2
  135.0813 7127 6
  137.0008 3325 3
  137.0244 2599 2
  137.0606 6254 5
  137.0971 10082 9
  138.4669 1822 2
  138.6955 1789 2
  139.0068 9370 8
  139.0164 40182 34
  139.0399 2505 2
  139.0763 3404 3
  139.1126 5772 5
  139.5687 1890 2
  140.9957 5688 5
  141.0555 3749 3
  141.0920 3014 3
  143.0351 2339 2
  143.0710 3062 3
  143.1076 33982 29
  144.1107 2122 2
  144.9646 9046 8
  147.0448 2420 2
  147.0813 3077 3
  147.1176 3593 3
  148.6184 2134 2
  148.9912 5013 4
  149.0605 6453 6
  149.0970 12667 11
  149.1334 4511 4
  151.0068 2327 2
  151.0163 2700 2
  151.0397 3549 3
  151.0762 5693 5
  151.1126 7157 6
  152.1161 2117 2
  153.0320 45691 39
  153.0557 2882 2
  153.0919 7234 6
  153.1283 2679 2
  153.5284 1722 1
  155.0348 2551 2
  155.0711 3192 3
  155.1075 4511 4
  157.0504 2718 2
  157.1230 1989 2
  159.0660 5908 5
  159.0815 2162 2
  159.1024 3892 3
  161.0604 3421 3
  161.0969 9503 8
  161.1331 2287 2
  163.0066 3510 3
  163.0396 2827 2
  163.0431 2306 2
  163.0524 2577 2
  163.0760 4518 4
  163.1125 6045 5
  163.1489 2906 2
  165.0193 2212 2
  165.0554 4149 4
  165.0918 7485 6
  165.1280 14003 12
  166.7072 2004 2
  167.0475 11508 10
  167.0708 3205 3
  167.0861 3461 3
  167.1074 5113 4
  167.1436 3482 3
  169.0863 2057 2
  169.1231 5490 5
  169.8817 1867 2
  171.1023 4127 4
  175.0759 2552 2
  175.1124 10154 9
  175.1488 10706 9
  177.0586 2103 2
  177.0706 3118 3
  177.0916 6642 6
  177.1281 12923 11
  178.1313 2469 2
  178.3757 1757 2
  179.0110 3756 3
  179.0474 2277 2
  179.0709 2894 2
  179.0862 10696 9
  179.1073 3337 3
  179.1438 8734 7
  181.0631 7771 7
  181.0866 7566 6
  181.1017 3434 3
  181.1230 8727 7
  181.1595 2742 2
  183.1020 2192 2
  183.1388 3474 3
  189.1281 6556 6
  189.1644 4202 4
  190.0632 2990 3
  190.0994 1746 1
  191.0712 3517 3
  191.0743 56340 48
  191.0838 2843 2
  191.0864 4205 4
  191.1072 9846 8
  191.1437 18028 15
  192.0776 5438 5
  192.1107 2832 2
  192.1472 5251 5
  193.0267 8491 7
  193.0503 5459 5
  193.0628 3253 3
  193.0653 5294 5
  193.0866 13181 11
  193.1018 71662 62
  193.1229 41086 35
  193.1593 62495 54
  194.0900 2867 2
  194.1051 10049 9
  194.1263 3347 3
  194.1627 10424 9
  195.0656 2213 2
  195.0785 4076 3
  195.0810 8086 7
  195.1022 4167 4
  195.1385 3831 3
  197.0971 2444 2
  197.1178 4802 4
  199.1335 2349 2
  201.1281 4569 4
  201.1493 3879 3
  201.1644 2675 2
  204.9470 2148 2
  205.0503 7704 7
  205.0533 3448 3
  205.0866 15062 13
  205.0899 204781 176
  205.0995 4109 4
  205.1229 25126 22
  205.1595 10401 9
  206.0899 2499 2
  206.0934 13603 12
  206.1261 3959 3
  206.1625 3267 3
  207.0423 42913 37
  207.0812 30721 26
  207.1022 5870 5
  207.1386 11576 10
  207.1750 21665 19
  208.0457 2165 2
  208.0818 2490 2
  208.0845 2565 2
  208.1420 4149 4
  208.1784 4369 4
  209.0452 3831 3
  209.0606 2589 2
  209.0815 4120 4
  209.0848 22589 19
  209.0967 67775 58
  209.1179 13981 12
  209.1543 20984 18
  209.1907 5299 5
  210.1002 10441 9
  210.1575 2972 3
  211.1336 4603 4
  213.1127 9590 8
  213.1493 7489 6
  218.1265 2213 2
  219.0658 6073 5
  219.0691 8093 7
  219.0811 5324 5
  219.1023 10947 9
  219.1055 7325 6
  219.1174 5242 4
  219.1387 48054 41
  219.1750 34117 29
  220.0939 2637 2
  220.1421 3208 3
  220.1784 5844 5
  221.0577 32045 28
  221.0606 6236 5
  221.0746 3162 3
  221.0815 5242 4
  221.0848 2363 2
  221.0942 13282 11
  221.1178 7614 7
  221.1540 4736 4
  222.1210 2384 2
  223.0760 2993 3
  223.1334 3733 3
  225.0892 2484 2
  225.1494 2264 2
  227.9418 2329 2
  230.8232 1711 1
  233.1175 3411 3
  233.1538 2896 2
  234.0530 2582 2
  235.0239 2219 2
  235.0610 2776 2
  235.0736 53941 46
  235.0829 2195 2
  235.0904 2135 2
  235.0974 3634 3
  235.1334 6106 5
  235.1699 8193 7
  236.0770 3561 3
  236.1369 9287 8
  236.1652 2599 2
  236.1733 5360 5
  236.2097 1924 2
  236.7305 1859 2
  237.0400 3452 3
  237.0519 2123 2
  237.0554 4031 3
  237.0764 23998 21
  237.0798 5751 5
  237.0884 3715 3
  237.0921 27248 23
  237.1058 12991 11
  237.1127 36186 31
  237.1161 179580 154
  237.1283 10330 9
  237.1491 256275 220
  237.1646 1858 2
  237.1771 2986 3
  237.1855 100576 86
  237.2221 3118 3
  238.0298 7221 6
  238.0951 5147 4
  238.1160 5060 4
  238.1195 14960 13
  238.1525 28659 25
  238.1889 11527 10
  239.0688 2409 2
  239.1284 4146 4
  239.1648 6325 5
  245.1180 2350 2
  245.1543 2372 2
  249.0399 7140 6
  249.0437 3198 3
  249.0554 3785 3
  249.0694 11756 10
  249.0760 8490 7
  249.0800 6535 6
  249.0892 127838 110
  249.1128 16691 14
  249.1163 19213 16
  249.1493 12146 10
  249.1858 1906 2
  249.9946 1804 2
  250.0926 9407 8
  250.1157 2192 2
  250.1195 1982 2
  251.0710 4873 4
  251.1283 10818 9
  251.1648 21583 19
  251.2010 3039 3
  252.1687 3262 3
  253.0840 33610 29
  253.1075 2680 2
  253.1207 6645 6
  253.1440 5429 5
  253.1803 3351 3
  255.1597 9147 8
  258.5938 2806 2
  259.1001 2073 2
  260.0907 2189 2
  261.0722 2540 2
  263.0194 7285 6
  263.0553 2966 3
  263.0592 4412 4
  263.0850 5612 5
  263.0917 3986 3
  263.0926 2155 2
  263.0957 11221 10
  263.1040 3252 3
  263.1079 3006 3
  263.1285 26761 23
  263.1648 31001 27
  264.1027 3273 3
  264.1318 2517 2
  264.1685 4376 4
  266.0145 11351 10
  266.0578 2263 2
  266.0948 1957 2
  266.1158 2920 3
  266.1310 2998 3
  267.0184 2313 2
  280.0828 8764 8
  280.0897 2339 2
  280.1025 9156 8
  280.1104 2816 2
  280.1188 3750 3
  280.1220 4631 4
  280.1301 200045 172
  280.1395 16228 14
  280.1552 9378 8
  280.1630 28700 25
  280.1915 10761 9
  280.1994 19717 17
  280.2356 2595 2
  280.8238 2989 3
  280.9823 10191 9
  281.0299 7495 6
  281.0379 37129 32
  281.0429 3262 3
  281.0483 9853 8
  281.0587 6570 6
  281.0663 24636 21
  281.0699 17196 15
  281.0812 19733 17
  281.0854 52870 45
  281.0956 361574 310
  281.1063 443186 380
  281.1152 1163952 999
  281.1221 135056 116
  281.1316 76100 65
  281.1390 373240 320
  281.1426 137070 118
  281.1515 178839 153
  281.1685 33144 28
  281.1752 632952 543
  281.1906 11730 10
  281.1947 2888 2
  281.2116 87386 75
  281.2481 31557 27
  281.5788 1986 2
  281.5974 4497 4
  282.0200 7944 7
  282.0412 6357 5
  282.0690 2486 2
  282.0844 3409 3
  282.0892 8529 7
  282.0986 34638 30
  282.1094 36375 31
  282.1189 94851 81
  282.1260 12475 11
  282.1344 12085 10
  282.1418 46472 40
  282.1459 11341 10
  282.1548 25854 22
  282.1713 15962 14
  282.1786 79977 69
  282.1935 3125 3
  282.2069 14704 13
  282.2152 5695 5
  282.2518 3028 3
  282.6231 2195 2
  283.0641 2577 2
  283.1007 3893 3
  283.1107 4279 4
  283.1183 2614 2
  283.1547 10014 9
  283.1911 5683 5
//
