ACCESSION: MSBNK-Qingdao_University-QDU00012
RECORD_TITLE: fluoro(phenoxy)phosphinic acid; LC-ESI-QFT; MS2; CE: 15 eV; [M-H]-
DATE: 2025.12.10
AUTHORS: Cuili Zhang
LICENSE: CC BY
COPYRIGHT: Qingdao University (QDU)
CH$NAME: fluoro(phenoxy)phosphinic acid
CH$COMPOUND_CLASS: N/A
CH$FORMULA: C6H6O3FP
CH$EXACT_MASS: 176.003800
CH$SMILES: C1=CC=C(C=C1)OP(=O)(O)F
CH$IUPAC: InChI=1S/C6H6FO3P/c7-11(8,9)10-6-4-2-1-3-5-6/h1-5H,(H,8,9)  
CH$LINK: INCHIKEY PGFQVSUSZHWQKV-UHFFFAOYSA-N
AC$INSTRUMENT: Thermo Scientific Orbitrap Exploris 480 Quadrupole Orbitrap MS
AC$INSTRUMENT_TYPE: LC-ESI-QFT
AC$MASS_SPECTROMETRY: MS_TYPE MS2
AC$MASS_SPECTROMETRY: ION_MODE NEGATIVE
AC$MASS_SPECTROMETRY: COLLISION_ENERGY 15 eV
AC$CHROMATOGRAPHY: COLUMN_NAME Hypersil GOLD C18 Column (1.9 μm, 2.1×100 mm)
AC$CHROMATOGRAPHY: RETENTION_TIME 2.83 min
MS$FOCUSED_ION: PRECURSOR_M/Z 174.9960
MS$FOCUSED_ION: PRECURSOR_TYPE [M-H]-
PK$SPLASH: splash10-00fr-5900000000-960c224c3d73e55f263d
PK$NUM_PEAK: 189
PK$PEAK: m/z int. rel.int.
  40.1252 4751 1
  41.0031 16099 4
  41.0527 5290 1
  41.9336 4685 1
  41.9984 6362 2
  43.0188 46451 12
  43.2019 5549 1
  43.6372 4886 1
  43.7493 7643 2
  44.9981 43478 11
  45.2870 4907 1
  46.5494 4391 1
  47.0935 4441 1
  47.1118 4514 1
  47.3651 4555 1
  47.8524 4769 1
  48.2751 4653 1
  48.7602 4805 1
  49.5662 4512 1
  49.8262 5566 1
  50.3388 4439 1
  51.0115 4748 1
  53.2070 4495 1
  53.5335 4823 1
  54.1910 4903 1
  55.0188 8931 2
  55.0219 4633 1
  55.6283 4312 1
  57.0344 91106 23
  57.2669 4818 1
  58.0059 8973 2
  58.0378 4386 1
  59.0137 99828 26
  59.0209 4597 1
  59.1761 4397 1
  59.5837 6946 2
  59.5842 5139 1
  62.9640 40752 10
  63.9623 4605 1
  64.3612 4337 1
  65.9867 4439 1
  65.9984 8405 2
  67.0188 7547 2
  68.9981 5214 1
  69.0344 18026 5
  69.3870 5359 1
  69.5429 4851 1
  71.0137 24282 6
  71.0501 77089 20
  72.0038 5859 2
  72.9930 151011 39
  73.0294 38896 10
  74.8452 4902 1
  75.0086 18082 5
  75.1690 4902 1
  78.9589 103981 27
  79.9572 1581422 407
  80.1193 5132 1
  80.9567 8656 2
  80.9650 254241 65
  81.0344 7891 2
  81.9530 11216 3
  81.9643 6020 2
  83.0500 9713 2
  84.0534 8121 2
  84.9386 9054 2
  85.0293 29152 8
  85.0657 161929 42
  85.2258 4856 1
  86.0690 9463 2
  86.3902 4883 1
  87.0085 11638 3
  87.0449 26089 7
  88.8397 4795 1
  89.0243 8864 2
  91.0552 9716 3
  93.0344 930263 239
  93.9727 12618 3
  94.0377 38683 10
  95.0500 9638 2
  95.9164 5930 2
  97.0292 6047 2
  97.0657 10345 3
  97.8960 4800 1
  98.0690 10743 3
  98.5110 5206 1
  98.9651 500400 129
  99.0449 35624 9
  99.0813 295195 76
  99.6416 4723 1
  100.0847 13577 3
  101.0242 29004 7
  101.0606 48956 13
  101.0969 16588 4
  103.0551 22287 6
  104.0266 10815 3
  105.0707 6429 2
  106.0422 6379 2
  106.3904 5009 1
  106.9805 8070 2
  109.0656 7569 2
  110.0690 14365 4
  111.0449 6708 2
  111.0813 72239 19
  112.0847 115230 30
  113.0242 12875 3
  113.0606 147470 38
  114.0639 7454 2
  115.0035 7256 2
  115.0399 77615 20
  115.0763 10742 3
  115.3354 5641 1
  116.0265 8877 2
  116.9283 10133 3
  117.0555 8968 2
  119.0136 4790 1
  119.0501 20764 5
  119.9884 5034 1
  123.0233 5195 1
  127.0763 44746 12
  127.1127 4714 1
  128.0797 7579 2
  128.1160 24395 6
  129.0555 13058 3
  129.0919 274200 71
  130.0953 188005 48
  131.0501 37268 10
  131.0712 34202 9
  131.0864 11489 3
  131.0961 10072 3
  132.0215 5725 1
  133.0657 11036 3
  135.0120 7523 2
  136.1683 4824 1
  145.0293 9387 2
  145.0869 14690 4
  146.0372 9555 2
  146.0735 7087 2
  147.0085 5892 2
  147.0450 29326 8
  147.0813 26176 7
  147.2722 4358 1
  147.4790 4649 1
  148.0402 6978 2
  153.9445 4523 1
  154.0154 9368 2
  154.4856 4531 1
  154.9901 737960 190
  155.9934 25580 7
  156.0744 9556 2
  157.0504 28073 7
  157.0656 9725 3
  157.0868 5892 2
  157.9880 4559 1
  158.2634 4540 1
  159.0448 14490 4
  160.0161 5198 1
  160.0526 17630 5
  160.1374 5199 1
  160.4902 4603 1
  164.2289 4637 1
  173.0241 5952 2
  174.0319 7438 2
  174.0849 31638 8
  174.1213 34874 9
  174.9912 23984 6
  174.9922 39684 10
  174.9960 3881572 999
  175.0011 21760 6
  175.0024 10330 3
  175.0065 11617 3
  175.0161 8700 2
  175.0244 5065 1
  175.0396 41143 11
  175.0430 557423 143
  175.0527 25090 6
  175.0608 25332 7
  175.0760 64017 16
  175.0855 6773 2
  175.0890 7883 2
  175.0972 165447 43
  175.1124 39664 10
  175.9995 133639 34
  176.0348 13407 3
  176.0463 42197 11
  176.0793 7027 2
  176.1002 8650 2
  184.8509 4945 1
  195.3609 5264 1
//
