ACCESSION: MSBNK-Qingdao_University-QDU00006
RECORD_TITLE: ethyloctylhydrogenphosphate; LC-ESI-QFT; MS2; CE: 15 eV; [M-H]-
DATE: 2025.12.10
AUTHORS: Cuili Zhang
LICENSE: CC BY
COPYRIGHT: Qingdao University (QDU)
CH$NAME: ethyloctylhydrogenphosphate
CH$COMPOUND_CLASS: N/A
CH$FORMULA: C10H23O4P
CH$EXACT_MASS: 238.133400
CH$SMILES: CCCCCCCCOP(=O)(O)OCC
CH$IUPAC: InChI=1S/C10H23O4P/c1-3-5-6-7-8-9-10-14-15(11,12)13-4-2/h3-10H2,1-2H3,(H,11,12)  
CH$LINK: INCHIKEY CWNLLWATKFUNON-UHFFFAOYSA-N
AC$INSTRUMENT: Thermo Scientific Orbitrap Exploris 480 Quadrupole Orbitrap MS
AC$INSTRUMENT_TYPE: LC-ESI-QFT
AC$MASS_SPECTROMETRY: MS_TYPE MS2
AC$MASS_SPECTROMETRY: ION_MODE NEGATIVE
AC$MASS_SPECTROMETRY: COLLISION_ENERGY 15 eV
AC$CHROMATOGRAPHY: COLUMN_NAME Hypersil GOLD C18 Column (1.9 μm, 2.1×100 mm)
AC$CHROMATOGRAPHY: RETENTION_TIME 4.08 min
MS$FOCUSED_ION: PRECURSOR_M/Z 237.1254
MS$FOCUSED_ION: PRECURSOR_TYPE [M-H]-
PK$SPLASH: splash10-004r-6590000000-73caaa029372b202bf92
PK$NUM_PEAK: 323
PK$PEAK: m/z int. rel.int.
  53.1574 535 0
  54.3384 584 1
  56.4416 523 0
  57.0344 3264 3
  58.4990 496 0
  59.0137 8553 8
  59.2814 987 1
  59.2818 1428 1
  62.9640 5105 5
  68.9981 7025 6
  69.0344 1670 2
  70.0894 478 0
  71.0137 3015 3
  71.0501 4373 4
  71.8987 539 0
  72.9930 2930 3
  73.0293 3393 3
  74.4588 640 1
  75.0086 2133 2
  76.1238 546 0
  78.9208 681 1
  78.9218 711 1
  78.9539 608 1
  78.9548 686 1
  78.9569 2167 2
  78.9573 5698 5
  78.9576 7417 7
  78.9588 1093053 999
  78.9600 5239 5
  78.9604 8098 7
  78.9608 2834 3
  78.9612 2378 2
  78.9625 772 1
  78.9663 597 1
  79.0865 584 1
  79.9572 19945 18
  79.9631 596 1
  80.0265 796 1
  80.9650 11867 11
  81.0344 1047 1
  81.4946 539 0
  81.6981 514 0
  81.9531 985 1
  83.0500 2560 2
  85.0293 2240 2
  85.0656 819 1
  87.0449 1188 1
  87.5076 463 0
  89.0242 620 1
  90.9946 666 1
  91.0553 516 0
  91.7737 490 0
  93.9728 1572 1
  94.9807 839 1
  95.0136 1000 1
  95.0500 1682 2
  96.4483 592 1
  96.9599 2731 2
  96.9694 12082 11
  97.0293 1134 1
  97.0656 1837 2
  97.9572 880 1
  98.9650 84796 77
  99.0085 805 1
  99.0450 1144 1
  99.0813 874 1
  100.9606 1172 1
  100.9798 824 1
  101.0241 929 1
  101.0606 647 1
  101.9408 694 1
  102.5915 567 1
  104.0199 644 1
  106.0421 567 1
  106.9805 1061 1
  107.0500 775 1
  107.0864 659 1
  108.0215 741 1
  109.0293 704 1
  109.0657 1183 1
  110.9850 272315 249
  110.9875 1364 1
  111.0086 604 1
  111.0449 1058 1
  111.0813 2138 2
  111.3894 546 0
  111.9884 1983 2
  112.9878 1853 2
  112.9893 883 1
  113.4014 613 1
  115.0398 2322 2
  115.0762 2041 2
  116.0842 554 1
  116.9283 1270 1
  118.7033 512 0
  120.9963 762 1
  121.0293 1542 1
  121.4472 503 0
  122.0041 2118 2
  122.0372 776 1
  122.8384 566 1
  122.9627 4108 4
  122.9850 559 1
  123.0449 1066 1
  123.0814 1819 2
  123.0885 496 0
  124.9977 1681 2
  124.9983 2044 2
  125.0006 295807 270
  125.0022 1369 1
  125.0605 1382 1
  125.0970 2717 2
  126.0040 4444 4
  126.0072 501 0
  126.2326 614 1
  127.0761 623 1
  127.1129 546 0
  128.7759 516 0
  129.0556 622 1
  129.6311 524 0
  130.4194 497 0
  133.0657 1624 1
  133.3379 510 0
  135.0451 1051 1
  135.0814 1361 1
  135.1178 918 1
  136.0892 853 1
  137.0241 1158 1
  137.0967 1564 1
  139.0067 1980 2
  139.0163 51926 47
  139.0399 818 1
  139.1127 813 1
  140.0197 940 1
  140.1512 523 0
  140.9957 646 1
  141.0555 879 1
  147.0812 1192 1
  147.7224 506 0
  149.0241 1847 2
  149.0277 869 1
  149.0606 1728 2
  149.0970 3064 3
  149.1334 818 1
  150.0320 768 1
  151.0398 689 1
  151.1125 1817 2
  152.0479 733 1
  153.0320 29175 27
  153.1284 724 1
  154.0354 1411 1
  156.8099 543 0
  159.5028 597 1
  161.0241 715 1
  161.0605 902 1
  161.0968 3983 4
  162.1000 624 1
  163.0159 569 1
  163.0762 855 1
  163.1123 1159 1
  163.1487 634 1
  163.8872 2263 2
  164.8949 1012 1
  165.0188 1369 1
  165.0553 2180 2
  165.0917 2119 2
  165.1281 7213 7
  166.0627 602 1
  166.1314 623 1
  167.0474 16592 15
  167.0712 637 1
  167.0864 927 1
  167.1072 826 1
  167.1437 881 1
  168.0507 883 1
  168.3008 542 0
  169.0042 1729 2
  169.0269 1081 1
  169.0502 1340 1
  169.0867 927 1
  169.1228 805 1
  170.0817 718 1
  175.0838 627 1
  175.1124 1486 1
  175.1488 4630 4
  176.1521 537 0
  177.0553 716 1
  177.0917 556 1
  177.1280 1146 1
  179.0345 772 1
  179.0477 677 1
  179.0710 635 1
  179.0862 721 1
  179.1072 638 1
  179.1434 506 0
  180.0788 1168 1
  181.0631 34191 31
  181.1228 861 1
  181.8978 818 1
  182.0665 1184 1
  185.1984 538 0
  190.1314 1140 1
  191.0860 1598 1
  191.1074 1063 1
  191.1437 7311 7
  191.4339 490 0
  192.1105 789 1
  192.1152 764 1
  192.1470 2314 2
  192.8900 661 1
  193.0172 823 1
  193.0501 1867 2
  193.0536 2033 2
  193.0654 4119 4
  193.0865 15025 14
  193.1020 4927 5
  193.1229 15367 14
  193.1593 32932 30
  193.8978 2422 2
  194.0691 964 1
  194.0898 1685 2
  194.1264 958 1
  194.1627 3549 3
  195.0787 24211 22
  195.1021 731 1
  195.1386 1113 1
  196.6593 540 0
  203.1585 631 1
  204.9535 633 1
  205.0137 1221 1
  205.0266 632 1
  205.0505 763 1
  205.0535 1261 1
  205.0629 542 0
  205.0865 1018 1
  207.0812 659 1
  207.1026 693 1
  207.1387 4793 4
  207.1748 1207 1
  209.0604 1170 1
  209.0816 1083 1
  209.0860 730 1
  209.0879 1527 1
  209.0915 4993 5
  209.0942 238291 218
  209.1179 1026 1
  209.1541 1663 2
  210.0977 14871 14
  216.9218 679 1
  218.9175 6481 6
  218.9815 516 0
  219.0293 1440 1
  219.0658 1717 2
  219.0693 1008 1
  219.1022 1246 1
  219.1385 5231 5
  219.1748 1213 1
  221.0481 493 0
  222.0526 543 0
  223.0279 7119 7
  225.3537 508 0
  228.8819 573 1
  235.1334 1045 1
  236.0935 1867 2
  236.1006 849 1
  236.1049 1847 2
  236.1133 9721 9
  236.1206 1339 1
  236.1291 585 1
  236.1368 3350 3
  236.1732 3799 3
  236.2014 686 1
  236.2096 1470 1
  236.9280 10624 10
  236.9787 8541 8
  237.0163 767 1
  237.0400 4235 4
  237.0435 2570 2
  237.0524 3698 3
  237.0559 4883 4
  237.0620 644 1
  237.0687 2390 2
  237.0763 13856 13
  237.0798 20322 19
  237.0882 2774 3
  237.0923 5074 5
  237.0956 1134 1
  237.0976 1221 1
  237.1057 96608 88
  237.1128 23022 21
  237.1164 22149 20
  237.1189 1667 2
  237.1254 867397 793
  237.1317 3259 3
  237.1334 4286 4
  237.1405 923 1
  237.1490 130986 120
  237.1645 4780 4
  237.1680 686 1
  237.1855 46015 42
  237.2220 2033 2
  237.8703 741 1
  237.9273 1113 1
  238.0509 854 1
  238.0588 764 1
  238.0711 532 0
  238.0798 903 1
  238.0831 1375 1
  238.0950 1858 2
  238.0990 662 1
  238.1088 9267 8
  238.1164 2980 3
  238.1197 1738 2
  238.1290 66785 61
  238.1444 949 1
  238.1524 14600 13
  238.1675 730 1
  238.1809 1062 1
  238.1888 4559 4
  239.0227 849 1
  244.2140 606 1
  253.0901 691 1
  256.3450 516 0
//
