ACCESSION: MSBNK-Qingdao_University-QDU00001
RECORD_TITLE: diethylprop-1-en-2-ylphosphate; LC-ESI-QFT; MS2; CE: 15 eV; [M-H]-
DATE: 2025.12.10
AUTHORS: Cuili Zhang, Hongna Zhang, Pengfei Wu, Bing Wang, Yating Xiao, Xinxin Gu, Yongbiao Wan, Ming Li, Yongfeng Lin, Wei Gao, Xiaoran Wei, Juntong Wei, Yuxin Zheng
LICENSE: CC BY
COPYRIGHT: Qingdao University (QDU)
CH$NAME: diethylprop-1-en-2-ylphosphate
CH$COMPOUND_CLASS: N/A
CH$FORMULA: C7H15O4P
CH$EXACT_MASS: 194.070800
CH$SMILES: CCOP(=O)(OCC)OC(=C)C
CH$IUPAC: InChI=1S/C7H15O4P/c1-5-9-12(8,10-6-2)11-7(3)4/h3,5-6H2,1-2,4H3
CH$LINK: INCHIKEY PSIRYXWQEOZQRA-UHFFFAOYSA-N
AC$INSTRUMENT: Thermo Scientific Orbitrap Exploris 480 Quadrupole Orbitrap MS
AC$INSTRUMENT_TYPE: LC-ESI-QFT
AC$MASS_SPECTROMETRY: MS_TYPE MS2
AC$MASS_SPECTROMETRY: ION_MODE NEGATIVE
AC$MASS_SPECTROMETRY: COLLISION_ENERGY 15 eV
AC$CHROMATOGRAPHY: COLUMN_NAME Hypersil GOLD C18 Column (1.9 μm, 2.1×100 mm)
AC$CHROMATOGRAPHY: FLOW_GRADIENT 5/95 at 0-1 min, 80/20 at 1.5-4 min, 100/0 at 4.1-8 min, 5/95 at 10 min
AC$CHROMATOGRAPHY: FLOW_RATE 0.3 mL/min
AC$CHROMATOGRAPHY: RETENTION_TIME 3.03 min
AC$CHROMATOGRAPHY: SOLVENT A methanol
AC$CHROMATOGRAPHY: SOLVENT B water with 0.1% formic acid
MS$FOCUSED_ION: PRECURSOR_M/Z 193.0629
MS$FOCUSED_ION: PRECURSOR_TYPE [M-H]-
PK$SPLASH: splash10-004i-7900000000-d55f1916962b0523ba4a
PK$NUM_PEAK: 325
PK$PEAK: m/z int. rel.int.
  44.8158 1357 1
  44.9981 6599 3
  46.2692 1602 1
  52.6159 1381 1
  52.7433 1542 1
  52.9289 1301 1
  53.7161 1278 1
  53.9203 1301 1
  54.3000 1331 1
  55.0188 5263 3
  56.2066 1438 1
  57.0344 10237 5
  59.0137 19952 10
  61.3772 1295 1
  62.9640 23163 11
  64.6008 1294 1
  64.6213 1491 1
  64.9796 1305 1
  65.0031 2221 1
  65.0395 5789 3
  65.8153 1486 1
  65.9983 1814 1
  67.0188 3355 2
  67.0552 1505 1
  67.8459 1376 1
  68.9980 6124 3
  69.0344 10524 5
  71.0137 4448 2
  71.0501 8097 4
  72.9930 6589 3
  73.0293 5392 3
  73.6356 1674 1
  77.6666 1643 1
  78.9218 1688 1
  78.9532 1288 1
  78.9561 2774 1
  78.9573 16333 8
  78.9588 2092329 999
  78.9600 20914 10
  78.9604 10356 5
  78.9608 5538 3
  78.9612 4050 2
  78.9952 4236 2
  79.0187 1503 1
  79.0552 3121 1
  79.0887 1659 1
  79.7047 1341 1
  79.9572 180595 86
  80.0266 2327 1
  80.3812 1486 1
  80.9566 2659 1
  80.9650 58772 28
  80.9745 4072 2
  81.0344 4765 2
  81.7068 1557 1
  81.8041 1520 1
  81.9530 41412 20
  81.9614 5315 3
  82.2280 1566 1
  82.9609 8124 4
  83.0136 5751 3
  83.0500 7480 4
  85.0293 5644 3
  85.0657 4726 2
  87.0086 6106 3
  87.7297 1568 1
  87.8519 1615 1
  88.8153 1441 1
  90.9333 1945 1
  90.9951 1566 1
  91.0550 12422 6
  92.0266 3927 2
  92.8701 1283 1
  92.9979 1622 1
  93.0108 1633 1
  93.0343 10374 5
  93.0707 3052 1
  93.9728 6191 3
  93.9823 2000 1
  94.0423 2449 1
  94.9901 7310 3
  95.0137 2173 1
  95.0500 8372 4
  95.9614 2131 1
  96.0454 1423 1
  96.9599 60875 29
  96.9694 52297 25
  97.0293 3165 2
  97.0657 5961 3
  97.9572 3601 2
  98.0501 1496 1
  98.9629 2649 1
  98.9650 392419 187
  99.0085 1949 1
  99.0448 2859 1
  99.0813 19884 9
  99.9255 10541 5
  101.0241 2369 1
  102.9333 13961 7
  104.5556 1518 1
  105.0136 1401 1
  105.0344 14155 7
  105.0707 7205 3
  106.0421 11434 5
  106.9807 2222 1
  107.0454 1303 1
  107.0500 24433 12
  107.0864 2434 1
  108.0214 6680 3
  108.0532 2131 1
  109.0293 5015 2
  109.0656 12422 6
  109.9772 5970 3
  110.0371 2282 1
  110.9804 1887 1
  110.9824 9598 5
  110.9850 921630 440
  110.9870 7810 4
  110.9875 4895 2
  110.9882 2539 1
  111.0450 5448 3
  111.0461 1468 1
  111.0812 3370 2
  111.9729 4466 2
  111.9883 7257 3
  111.9914 1797 1
  113.0242 2467 1
  113.0428 12692 6
  113.0606 2305 1
  113.0970 1460 1
  116.5966 1483 1
  117.0343 6956 3
  119.0136 1984 1
  119.0500 6222 3
  119.0864 3405 2
  120.0215 5325 3
  120.0578 6194 3
  120.0816 1853 1
  120.9962 3867 2
  121.0293 38683 18
  121.0657 50134 24
  121.1021 9862 5
  121.9678 1628 1
  122.0041 1648 1
  122.0325 2006 1
  122.0371 8114 4
  122.0690 5313 3
  122.0973 5807 3
  122.5442 1519 1
  122.9851 8447 4
  123.0086 2137 1
  123.0405 1725 1
  123.0449 13583 6
  123.0813 17375 8
  123.3839 1369 1
  123.9928 4627 2
  124.0163 4419 2
  124.0766 1524 1
  125.0007 59284 28
  125.0606 3434 2
  125.0969 3502 2
  128.9329 1326 1
  129.0708 2041 1
  131.0498 1760 1
  131.0863 6304 3
  132.0519 6057 3
  132.1520 1514 1
  132.5535 2247 1
  133.0293 5406 3
  133.0658 10836 5
  134.0372 16114 8
  134.0735 10041 5
  135.0118 1653 1
  135.0404 2435 1
  135.0450 11406 5
  135.0813 8095 4
  136.0163 4721 2
  136.0528 8177 4
  137.0007 7467 4
  137.0243 2216 1
  137.0369 1460 1
  137.0607 11703 6
  137.0970 14007 7
  138.0558 1470 1
  139.0069 2000 1
  139.0164 7150 3
  143.0499 1573 1
  145.0657 3259 2
  145.9143 1466 1
  146.0733 1528 1
  146.6111 1427 1
  147.0450 2454 1
  147.0813 35126 17
  147.2196 1512 1
  147.6042 1488 1
  147.9210 1573 1
  148.0529 1944 1
  148.0846 5674 3
  148.9005 2236 1
  148.9913 2215 1
  149.0034 1652 1
  149.0243 14257 7
  149.0275 7664 4
  149.0565 1997 1
  149.0606 145896 70
  149.0733 4970 2
  149.0970 78094 37
  149.1332 1779 1
  149.2375 1344 1
  150.0086 2511 1
  150.0321 9454 5
  150.0640 13347 6
  150.0683 4214 2
  150.0923 2581 1
  150.1003 6789 3
  151.0163 2316 1
  151.0397 2990 1
  151.0763 8929 4
  151.1126 5364 3
  153.0320 2217 1
  155.9144 1368 1
  160.0527 2758 1
  160.9207 8135 4
  161.0241 14220 7
  161.0368 1945 1
  161.0604 10656 5
  161.0733 1694 1
  161.0968 6144 3
  162.0273 2194 1
  163.0397 2156 1
  163.0430 4212 2
  163.0762 6678 3
  163.0890 2208 1
  163.1125 6924 3
  164.0114 1556 1
  164.0240 4109 2
  164.0474 6896 3
  164.0839 6592 3
  164.1158 2462 1
  165.0188 2979 1
  165.0319 26347 13
  165.0553 16196 8
  165.0681 8324 4
  165.0704 2486 1
  165.0916 16853 8
  165.1104 1618 1
  165.1281 14164 7
  166.0586 1881 1
  166.0869 2004 1
  166.0951 2336 1
  166.1232 2527 1
  166.1314 1729 1
  167.0475 13817 7
  173.0601 1465 1
  175.0397 2239 1
  175.0760 12888 6
  175.0888 1880 1
  175.1125 9366 4
  177.0587 1912 1
  177.0918 1687 1
  177.1281 3264 2
  178.0265 4025 2
  178.0398 2280 1
  178.0632 8410 4
  178.0994 6407 3
  184.0016 2923 1
  184.5033 1972 1
  184.9992 4639 2
  185.0068 1558 1
  191.0738 2480 1
  191.0837 3311 2
  191.0862 2974 1
  191.1435 5290 3
  191.9514 1691 1
  192.0168 2197 1
  192.0736 5543 3
  192.0776 52910 25
  192.0869 4415 2
  192.0896 3440 2
  192.1027 7175 3
  192.1107 10747 5
  192.1387 2824 1
  192.1471 7076 3
  192.5187 2228 1
  192.5366 1868 1
  192.9592 4519 2
  192.9892 2212 1
  193.0139 6111 3
  193.0172 9085 4
  193.0267 29043 14
  193.0328 2571 1
  193.0355 1674 1
  193.0431 96476 46
  193.0501 40774 19
  193.0535 75456 36
  193.0629 529598 253
  193.0653 55693 27
  193.0699 65748 31
  193.0786 9718 5
  193.0809 3351 2
  193.0865 104678 50
  193.0898 25656 12
  193.0993 27684 13
  193.1018 11557 6
  193.1049 2556 1
  193.1229 126960 61
  193.1593 39802 19
  194.0461 3466 2
  194.0535 3056 1
  194.0568 6286 3
  194.0663 25946 12
  194.0687 3822 2
  194.0735 1791 1
  194.0817 11302 5
  194.0900 8900 4
  194.0943 2106 1
  194.1027 1825 1
  194.1052 1765 1
  194.1182 5970 3
  194.1263 13772 7
  194.1627 3934 2
  195.0587 2465 1
  195.0662 1694 1
  195.0787 20974 10
  217.0968 1371 1
//
