ACCESSION: MSBNK-Qingdao_University-QDU00002
RECORD_TITLE: 2-[(Ethylpropylphosphoryl)oxy]acetic acid; LC-ESI-QFT; MS2; CE: 15 eV; [M-H]-
DATE: 2025.12.10
AUTHORS: Cuili Zhang
LICENSE: CC BY
COPYRIGHT: Qingdao University (QDU)
CH$NAME: 2-[(Ethylpropylphosphoryl)oxy]acetic acid
CH$COMPOUND_CLASS: N/A
CH$FORMULA: C7H15O6P
CH$EXACT_MASS: 226.060600
CH$SMILES: O=P(OCCC)(OCC)OCC(O)=O
CH$IUPAC: InChI=InChI=1S/C7H15O6P/c1-3-5-12-14(10,11-4-2)13-6-7(8)9/h3-6H2,1-2H3,(H,8,9)
CH$LINK: INCHIKEY SNQFGMMLIKQEGF-UHFFFAOYSA-N
AC$INSTRUMENT: Thermo Scientific Orbitrap Exploris 480 Quadrupole Orbitrap MS
AC$INSTRUMENT_TYPE: LC-ESI-QFT
AC$MASS_SPECTROMETRY: MS_TYPE MS2
AC$MASS_SPECTROMETRY: ION_MODE NEG
AC$MASS_SPECTROMETRY: COLLISION_ENERGY 15 eV
AC$CHROMATOGRAPHY: COLUMN_NAME Hypersil GOLD C18 Column (1.9 μm, 2.1×100 mm)
AC$CHROMATOGRAPHY: RETENTION_TIME 2.83 min
MS$FOCUSED_ION: PRECURSOR_M/Z 225.0529
MS$FOCUSED_ION: PRECURSOR_TYPE [M-H]-
PK$SPLASH: splash10-0000-0000000000-0000000000
PK$NUM_PEAK: 258
PK$PEAK: m/z int. rel.int.
53.8749 12930 1
56.1165 14218 1
57.0344 315065 21
58.9959 17403 1
59.0137 754610 50
59.0501 428994 29
62.9640 95985 6
63.7308 14831 1
65.9984 21651 1
67.5883 16396 1
68.9981 32026 2
69.0344 55180 4
70.8890 16639 1
71.0138 43734 3
71.0501 56912 4
72.4151 14515 1
73.0294 997693 67
73.5264 14431 1
75.0072 82688 6
75.0086 14948145 999
75.0092 259617 17
75.0097 192042 13
75.0099 84506 6
75.0104 28275 2
75.0117 19147 1
76.0120 186340 12
78.9589 5200966 348
79.9572 664516 44
80.9566 19357 1
80.9650 803991 54
81.0344 55538 4
81.9530 142067 9
81.9614 18002 1
81.9644 31958 2
82.2497 13980 1
82.9608 269080 18
82.9692 20410 1
83.0137 25712 2
83.0500 34983 2
85.0293 71232 5
87.0450 371107 25
87.2496 15231 1
88.0483 18518 1
89.0242 975764 65
90.0275 35453 2
90.9856 18149 1
93.0344 145576 10
93.0707 18676 1
93.9728 16590 1
93.9823 30666 2
94.2581 13323 1
94.6343 14663 1
94.9806 88379 6
95.0138 26214 2
95.0500 69423 5
96.9599 389979 26
96.9694 396085 26
96.9764 16177 1
97.0293 56472 4
98.3280 13972 1
98.9651 1597665 107
99.0086 41214 3
99.0449 68200 5
100.5523 15958 1
101.0242 21185 1
101.0605 48628 3
103.0399 223650 15
105.4299 14365 1
106.5998 13422 1
106.9806 38917 3
107.0137 17009 1
107.0500 34012 2
107.0864 26823 2
108.0213 15250 1
109.0293 109659 7
109.0657 67862 5
110.9825 26276 2
110.9850 3964749 265
111.0086 42357 3
111.0449 55076 4
111.9884 42843 3
112.9919 13767 1
113.0243 24097 2
115.0398 20068 1
119.0136 16733 1
119.0267 25532 2
119.0500 43663 3
119.0864 40413 3
120.9963 93798 6
121.0293 48445 3
121.0657 57412 4
122.0008 20832 1
122.0371 26042 2
122.9851 109993 7
123.0086 40590 3
123.0119 57279 4
123.0450 27207 2
123.0814 56226 4
123.9929 230020 15
125.0007 2413177 161
125.0242 44687 3
125.0606 60576 4
126.0041 44093 3
127.0034 26675 2
127.0763 104202 7
131.0711 17893 1
133.0294 21704 1
133.0657 20027 1
135.0119 60662 4
135.0450 18519 1
135.0814 65781 4
135.6465 15808 1
136.0483 24146 2
137.0007 89172 6
137.0243 187047 13
137.0606 180772 12
137.0970 263844 18
138.0921 15891 1
139.0069 31870 2
139.0164 409425 27
139.0399 41368 3
139.0762 35434 2
141.0555 16652 1
143.0710 18622 1
148.4167 15352 1
148.9913 32344 2
149.0171 20166 1
149.0242 68861 5
149.0276 1049078 70
149.0369 27118 2
149.0607 67098 4
149.0969 24797 2
150.0308 21122 1
150.9800 94871 6
151.0069 25887 2
151.0162 53767 4
151.0398 61313 4
151.0763 63825 4
151.1128 57581 4
152.0385 70986 5
152.7024 15788 1
152.9959 16879 1
153.0191 70525 5
153.0320 671348 45
153.0554 72823 5
153.0920 56189 4
154.0353 22423 1
154.0873 16093 1
155.0347 16482 1
156.8906 13217 1
157.3020 15861 1
159.6292 13579 1
163.0034 83539 6
163.0062 15628 1
163.0399 31194 2
163.0431 90063 6
163.0762 90539 6
163.1124 44165 3
164.9955 105389 7
165.0188 14638 1
165.0222 60538 4
165.0319 159424 11
165.0554 42436 3
166.0268 29657 2
166.5889 15201 1
177.0918 20275 1
177.9900 24015 2
178.0257 52122 3
178.8838 43308 3
178.9910 28471 2
178.9982 23010 2
179.0111 152002 10
179.0180 72529 5
179.0345 14073 1
179.0375 14863 1
179.0708 37724 3
179.1073 19777 1
180.3186 14966 1
181.0138 73939 5
181.0169 16105 1
181.0265 22405 1
181.0431 65415 4
181.0502 166712 11
181.0866 270269 18
181.1231 110603 7
182.0537 16423 1
182.0819 25121 2
182.0900 24302 2
182.1264 20052 1
188.0033 14440 1
190.6887 14458 1
192.0414 46857 3
193.0067 39043 3
193.0137 52926 4
193.0171 42170 3
193.0268 410019 27
193.0338 54995 4
193.0420 17130 1
193.0503 30205 2
193.0536 255390 17
194.0302 29280 2
195.0294 23415 2
195.0659 21766 1
195.1022 30273 2
196.8943 23282 2
197.0087 21790 1
197.0212 15666 1
197.0287 15364 1
197.0449 30292 2
197.0580 43236 3
204.8369 16396 1
206.0568 107462 7
206.9932 66224 4
207.0297 30620 2
207.0328 124016 8
207.0494 123955 8
207.0659 26855 2
207.0691 35801 2
207.0838 16450 1
207.1022 51301 3
210.0166 37636 3
219.4104 14741 1
224.0408 35035 2
224.0561 27332 2
224.0594 131346 9
224.0636 107783 7
224.0675 1444018 97
224.0771 45906 3
224.1371 16065 1
224.9960 22684 2
225.0035 93262 6
225.0068 32098 2
225.0225 36290 2
225.0255 41992 3
225.0330 341715 23
225.0399 179254 12
225.0434 547219 37
225.0529 2516272 168
225.0599 1599770 107
225.0682 326767 22
225.0763 303806 20
225.0797 1485513 99
225.0892 408850 27
225.0959 17084 1
225.1128 224808 15
225.1279 25045 2
225.1491 66999 4
226.0073 18929 1
226.0359 46983 3
226.0468 33828 2
226.0562 136808 9
226.0634 109079 7
226.0723 40618 3
226.0797 19214 1
226.0832 97209 6
226.1080 23632 2
226.1163 25073 2
227.9397 19662 1
//
