ACCESSION: MSBNK-Qingdao_University-QDU00004
RECORD_TITLE: butylpropylhydrogenphosphate; LC-ESI-QFT; MS2; CE: 15 eV; [M-H]-
DATE: 2025.12.10
AUTHORS: Cuili Zhang
LICENSE: CC BY
COPYRIGHT: Qingdao University (QDU)
CH$NAME: butylpropylhydrogenphosphate
CH$COMPOUND_CLASS: N/A
CH$FORMULA: C7H17O4P
CH$EXACT_MASS: 196.086500
CH$SMILES: CCCCOP(=O)(O)OCCC
CH$IUPAC: InChI=1S/C7H17O4P/c1-3-5-7-11-12(8,9)10-6-4-2/h3-7H2,1-2H3,(H,8,9) 
CH$LINK: INCHIKEY GPBCXXQDAKRVAS-UHFFFAOYSA-N
AC$INSTRUMENT: Thermo Scientific Orbitrap Exploris 480 Quadrupole Orbitrap MS
AC$INSTRUMENT_TYPE: LC-ESI-QFT
AC$MASS_SPECTROMETRY: MS_TYPE MS2
AC$MASS_SPECTROMETRY: ION_MODE NEGATIVE
AC$MASS_SPECTROMETRY: COLLISION_ENERGY 15 eV
AC$CHROMATOGRAPHY: COLUMN_NAME Hypersil GOLD C18 Column (1.9 μm, 2.1×100 mm)
AC$CHROMATOGRAPHY: RETENTION_TIME 3.18 min
MS$FOCUSED_ION: PRECURSOR_M/Z 195.0786
MS$FOCUSED_ION: PRECURSOR_TYPE [M-H]-
PK$SPLASH: splash10-0000-0000000000-0000000000
PK$NUM_PEAK: 120
PK$PEAK: m/z int. rel.int.
  48.1062 14638 1
  50.5496 10828 1
  53.3530 11526 1
  53.3569 11572 1
  53.6465 10375 1
  56.0492 14034 1
  56.3023 12386 1
  58.7853 11470 1
  58.9425 13513 1
  59.9700 10584 1
  61.2076 12882 1
  61.6705 11093 1
  62.9640 44550 2
  63.9290 11328 1
  63.9623 19707 1
  64.9023 13040 1
  67.0671 11872 1
  67.7439 11172 1
  68.3770 11540 1
  68.9981 13188 1
  69.0345 14359 1
  75.0239 13158 1
  78.9213 13422 1
  78.9553 17783 1
  78.9569 59094 3
  78.9589 18810910 999
  78.9604 129640 7
  78.9608 28663 2
  78.9613 21148 1
  79.9573 111687 6
  79.9632 12992 1
  80.9650 69709 4
  81.9073 12662 1
  83.0501 14218 1
  85.4693 12226 1
  87.7742 11146 1
  89.0426 12822 1
  89.5883 14880 1
  90.5812 11235 1
  92.0267 28516 2
  92.4735 12162 1
  95.0501 10696 1
  95.6527 12632 1
  96.9599 139936 7
  96.9694 180297 10
  98.9650 1690681 90
  99.0449 13810 1
  105.3217 11016 1
  106.3907 13243 1
  107.0500 102773 5
  107.6831 12945 1
  109.1731 12790 1
  109.9772 16171 1
  110.9819 22371 1
  110.9825 60448 3
  110.9830 51200 3
  110.9841 125317 7
  110.9850 7581346 403
  110.9875 37567 2
  111.9883 70028 4
  115.0584 31103 2
  119.0136 14486 1
  119.0501 37159 2
  121.0294 12283 1
  121.0658 18785 1
  123.0449 25740 1
  123.0814 64103 3
  123.6132 13493 1
  123.9929 46492 2
  124.9995 18157 1
  125.0007 2420939 129
  125.0970 12615 1
  126.0041 34040 2
  127.0470 13919 1
  127.5485 12004 1
  133.0658 24955 1
  133.1021 27119 1
  135.0815 27294 1
  136.0164 48832 3
  139.0164 649981 35
  140.0198 22015 1
  142.4557 11505 1
  149.0610 12590 1
  149.0971 27912 1
  150.0639 12058 1
  150.1005 13404 1
  151.0399 173139 9
  151.0764 71434 4
  151.1126 144243 8
  152.0796 16320 1
  153.0320 390483 21
  161.5184 11962 1
  163.0400 12396 1
  163.0810 12024 1
  165.1284 11430 1
  167.0475 1524230 81
  167.0710 27715 1
  167.0859 13147 1
  168.0509 48249 3
  176.8949 14909 1
  194.0690 19395 1
  194.0734 16302 1
  194.1055 12199 1
  194.7970 10897 1
  195.0295 37223 2
  195.0330 33337 2
  195.0447 19005 1
  195.0587 695922 37
  195.0658 68073 4
  195.0693 199258 11
  195.0728 22277 1
  195.0786 4536134 241
  195.1022 238358 13
  195.1177 14878 1
  195.1386 114883 6
  196.0623 37238 2
  196.0820 260170 14
  196.0848 21611 1
  196.1057 23806 1
  198.5437 14206 1
//
