ACCESSION: MSBNK-Qingdao_University-QDU00011
RECORD_TITLE: 1-[fluoro(propoxy)phosphoryl]oxypropane; LC-ESI-QFT; MS2; CE: 15 eV; [M-H]-
DATE: 2025.12.10
AUTHORS: Cuili Zhang
LICENSE: CC BY
COPYRIGHT: Qingdao University (QDU)
CH$NAME: 1-[fluoro(propoxy)phosphoryl]oxypropane
CH$COMPOUND_CLASS: N/A
CH$FORMULA: C6H14O3FP
CH$EXACT_MASS: 184.066500
CH$SMILES: CCCOP(=O)(OCCC)F
CH$IUPAC: InChI=1S/C6H14FO3P/c1-3-5-9-11(7,8)10-6-4-2/h3-6H2,1-2H3
CH$LINK: INCHIKEY CLKGIOYRLWWQNR-UHFFFAOYSA-N
AC$INSTRUMENT: Thermo Scientific Orbitrap Exploris 480 Quadrupole Orbitrap MS
AC$INSTRUMENT_TYPE: LC-ESI-QFT
AC$MASS_SPECTROMETRY: MS_TYPE MS2
AC$MASS_SPECTROMETRY: ION_MODE NEGATIVE
AC$MASS_SPECTROMETRY: COLLISION_ENERGY 15 eV
AC$CHROMATOGRAPHY: COLUMN_NAME Hypersil GOLD C18 Column (1.9 μm, 2.1×100 mm)
AC$CHROMATOGRAPHY: RETENTION_TIME 3.23 min
MS$FOCUSED_ION: PRECURSOR_M/Z 183.0596
MS$FOCUSED_ION: PRECURSOR_TYPE [M-H]-
PK$SPLASH: splash10-0002-9200000000-466470792457e0d3aa38
PK$NUM_PEAK: 95
PK$PEAK: m/z int. rel.int.
  43.0188 13392 1
  44.9981 164103 7
  45.6055 10321 0
  47.9428 12299 1
  48.9265 11548 0
  51.4895 9740 0
  51.5041 10278 0
  51.8818 11525 0
  54.6828 10093 0
  55.5506 10096 0
  56.4334 10973 0
  57.0344 22323 1
  57.0557 11574 0
  57.1874 10945 0
  58.5662 10131 0
  58.8992 10199 0
  59.0137 28749 1
  60.1456 10235 0
  60.3074 11983 1
  68.3848 11302 0
  68.9979 11026 0
  69.0345 20438 1
  69.2571 11853 1
  71.0501 29211 1
  73.0293 11356 0
  78.9589 3251382 140
  79.2659 12261 1
  79.8378 10831 0
  79.9573 57746 2
  81.0556 10150 0
  81.9530 41229 2
  85.0295 14205 1
  85.0657 15908 1
  88.7833 10920 0
  88.8874 11346 0
  93.0344 16003 1
  95.0425 12938 1
  95.0500 19574 1
  97.0656 18719 1
  97.9572 21335 1
  98.8063 12296 1
  98.9511 11463 0
  98.9611 31593 1
  98.9618 19803 1
  98.9622 80387 3
  98.9629 110238 5
  98.9634 129209 6
  98.9650 23269534 999
  98.9667 126689 5
  98.9672 181289 8
  98.9677 28236 1
  98.9684 25527 1
  98.9702 18257 1
  99.0170 19207 1
  99.9693 16004 1
  104.4434 9821 0
  107.8663 11176 0
  109.0656 17771 1
  109.5968 11423 0
  110.9851 79449 3
  111.0086 11460 0
  111.0449 10292 0
  111.0814 40093 2
  111.9730 52557 2
  120.4965 13356 1
  121.0657 12485 1
  121.1022 22715 1
  122.9627 50010 2
  122.9852 14114 1
  123.0813 14389 1
  125.0007 32089 1
  133.0035 12003 1
  137.0971 117238 5
  139.0763 36759 2
  139.1127 127158 5
  148.6291 12978 1
  153.0919 14952 1
  157.0222 9647 0
  163.7743 10521 0
  165.0917 12027 1
  165.2141 10803 0
  182.0735 57891 2
  183.0117 20724 1
  183.0325 15002 1
  183.0586 5426905 233
  183.0640 33852 1
  183.0654 17075 1
  183.0811 105904 5
  183.1023 212314 9
  183.1386 97600 4
  183.9255 10932 0
  184.0621 225653 10
  184.1055 14248 1
  198.2527 10191 0
  207.6228 10071 0
//
