ACCESSION: MSBNK-Qingdao_University-QDU00014
RECORD_TITLE: 2-(butoxymethoxy)-2-(fluorohydroxyphosphoryloxy)acetic acid; LC-ESI-QFT; MS2; CE: 15 eV; [M-H]-
DATE: 2025.12.10
AUTHORS: Cuili Zhang
LICENSE: CC BY
COPYRIGHT: Qingdao University (QDU)
CH$NAME: 2-(butoxymethoxy)-2-(fluorohydroxyphosphoryloxy)acetic acid
CH$COMPOUND_CLASS: N/A
CH$FORMULA: C6H12FO5P
CH$EXACT_MASS: 214.040600
CH$SMILES: OP(OC(COCCCC)=O)(F)=O
CH$IUPAC: InChI=1S/C6H12FO5P/c1-2-3-4-11-5-6(8)12-13(7,9)10/h2-5H2,1H3,(H,9,10)
CH$LINK: INCHIKEY GVQNVXICGHLXAI-UHFFFAOYSA-N
AC$INSTRUMENT: Thermo Scientific Orbitrap Exploris 480 Quadrupole Orbitrap MS
AC$INSTRUMENT_TYPE: LC-ESI-QFT
AC$MASS_SPECTROMETRY: MS_TYPE MS2
AC$MASS_SPECTROMETRY: ION_MODE NEGATIVE
AC$MASS_SPECTROMETRY: COLLISION_ENERGY 15 eV
AC$CHROMATOGRAPHY: COLUMN_NAME Hypersil GOLD C18 Column (1.9 μm, 2.1×100 mm)
AC$CHROMATOGRAPHY: RETENTION_TIME 2.70 min
MS$FOCUSED_ION: PRECURSOR_M/Z 213.0327
MS$FOCUSED_ION: PRECURSOR_TYPE [M-H]-
PK$SPLASH: splash10-01rj-9420000000-277e2dbf93800ede9d34
PK$NUM_PEAK: 527
PK$PEAK: m/z int. rel.int.
  53.2586 3857 1
  55.0188 13273 3
  56.0221 3328 1
  56.9322 2651 1
  57.0344 63103 16
  58.0059 2961 1
  59.0130 4122 1
  59.0137 269553 68
  59.2049 2722 1
  60.0170 5833 1
  60.1138 2613 1
  61.0293 8231 2
  62.9640 23038 6
  64.2787 2716 1
  65.0032 17530 4
  65.0396 16196 4
  65.9984 27161 7
  67.0188 14192 4
  68.0140 3883 1
  68.9667 2648 1
  68.9980 52487 13
  69.0345 38182 10
  69.4798 2672 1
  69.7512 2350 1
  70.0014 2448 1
  71.0137 53121 13
  71.0501 32274 8
  72.1986 2636 1
  72.4136 2559 1
  72.9930 26724 7
  73.0294 86451 22
  73.2435 2366 1
  74.0327 11247 3
  75.0086 638728 161
  75.0336 3726 1
  75.7305 2992 1
  76.0120 32819 8
  77.0129 19006 5
  78.0394 2896 1
  78.8016 2831 1
  78.8908 2458 1
  78.9546 2589 1
  78.9557 3740 1
  78.9565 8932 2
  78.9569 3145 1
  78.9573 18005 5
  78.9576 10968 3
  78.9589 2577882 649
  78.9601 17992 5
  78.9603 13827 3
  78.9608 11225 3
  78.9616 7158 2
  79.0188 10272 3
  79.0552 4888 1
  79.1775 2577 1
  79.9572 352735 89
  79.9632 4008 1
  80.0140 4383 1
  80.0505 3993 1
  80.9632 43589 11
  80.9650 178774 45
  81.0344 89222 22
  81.0708 14739 4
  81.9530 38748 10
  81.9613 4052 1
  81.9624 4153 1
  81.9644 2971 1
  82.0060 3407 1
  82.0378 3321 1
  82.9608 23299 6
  82.9693 4171 1
  82.9702 4330 1
  83.0137 22326 6
  83.0501 37814 10
  83.5123 2882 1
  84.0216 4189 1
  84.0453 9115 2
  84.0534 2854 1
  84.9386 9112 2
  85.0294 44339 11
  85.0657 8065 2
  87.0048 3570 1
  87.0057 7691 2
  87.0068 17716 4
  87.0071 11216 3
  87.0085 2238672 563
  87.0102 13862 3
  87.0108 9329 2
  87.0117 5966 2
  87.0272 4625 1
  87.0450 154445 39
  87.7245 2612 1
  88.0119 54369 14
  88.0483 9961 3
  89.0192 3015 1
  89.0203 3020 1
  89.0213 7246 2
  89.0223 17341 4
  89.0227 10381 3
  89.0242 2105396 530
  89.0260 10760 3
  89.0265 9082 2
  89.0274 5786 1
  90.0276 278377 70
  90.0305 4876 1
  90.1311 2602 1
  90.9857 46983 12
  91.0221 35535 9
  91.0284 147661 37
  91.0308 13313 3
  91.9890 3548 1
  92.0319 3823 1
  92.9815 3951 1
  92.9980 6442 2
  93.0343 48735 12
  93.9728 12747 3
  93.9823 12391 3
  94.9902 6561 2
  95.0011 3198 1
  95.0136 32844 8
  95.0500 75182 19
  95.0864 7204 2
  96.0215 8369 2
  96.0453 8434 2
  96.2081 2929 1
  96.4970 2961 1
  96.9599 84130 21
  96.9693 23544 6
  96.9929 5794 1
  97.0293 61118 15
  97.0656 76007 19
  97.9592 2467 1
  98.0007 8952 2
  98.0246 3970 1
  98.0326 2926 1
  98.0609 4988 1
  98.0690 7911 2
  98.9557 20571 5
  98.9573 2797 1
  98.9605 4810 1
  98.9616 14130 4
  98.9622 2913 1
  98.9628 25026 6
  98.9650 3970896 999
  98.9667 22710 6
  98.9671 25662 6
  98.9678 17703 4
  98.9689 9147 2
  99.0085 51767 13
  99.0187 3129 1
  99.0449 37467 9
  99.9256 24169 6
  99.9692 5000 1
  100.9334 21791 5
  100.9693 3787 1
  101.0065 5172 1
  101.0242 23968 6
  101.0251 3950 1
  101.0606 6653 2
  102.5825 2984 1
  102.9589 15252 4
  103.0034 3540 1
  104.9744 10784 3
  105.0707 4171 1
  106.9806 15475 4
  107.0136 9750 2
  107.0500 81731 21
  107.0864 17495 4
  108.0215 6217 2
  108.0451 3533 1
  108.0534 6087 2
  109.0058 5442 1
  109.0293 101595 26
  109.0657 64587 16
  109.9773 33248 8
  110.0007 31898 8
  110.0326 5112 1
  110.0371 21833 5
  110.0609 11941 3
  110.0690 5306 1
  110.9850 600712 151
  111.0086 52521 13
  111.0449 43323 11
  111.0814 19225 5
  111.9565 8327 2
  111.9728 18570 5
  111.9883 19650 5
  112.0119 3244 1
  112.0402 10873 3
  112.0482 4633 1
  112.0847 3892 1
  112.9371 16051 4
  112.9808 5784 1
  112.9893 29590 7
  113.0242 33353 8
  113.0606 23027 6
  115.0399 9818 2
  115.0762 2772 1
  116.0352 4313 1
  116.9283 3269 1
  117.0384 3071 1
  117.0556 3645 1
  118.9240 58857 15
  119.0501 7367 2
  119.9241 5435 1
  120.9694 22568 6
  120.9963 19664 5
  121.0293 9282 2
  121.0657 32693 8
  121.9996 7755 2
  122.0042 9471 2
  122.0327 2665 1
  122.0371 9909 2
  122.0609 3240 1
  122.9627 34282 9
  122.9755 5806 1
  122.9851 211864 53
  122.9871 4144 1
  122.9921 28973 7
  123.0086 20614 5
  123.0449 34782 9
  123.0813 73415 18
  123.9884 7908 2
  123.9929 117075 29
  124.0164 10597 3
  124.0402 7494 2
  124.0484 5308 1
  124.0847 11153 3
  124.5268 2916 1
  124.9807 5605 1
  124.9879 2995 1
  124.9893 7293 2
  125.0007 204817 52
  125.0117 17090 4
  125.0242 128846 32
  125.0606 345956 87
  125.0970 103616 26
  125.9831 4192 1
  125.9958 11382 3
  126.0040 37319 9
  126.0150 7722 2
  126.0194 3774 1
  126.0276 7604 2
  126.0321 8105 2
  126.0560 2740 1
  126.0640 15259 4
  126.0922 8794 2
  126.1004 6138 2
  127.0035 16735 4
  127.0050 28372 7
  127.0399 29059 7
  127.0762 15833 4
  127.3415 2846 1
  129.0191 8827 2
  129.0555 6219 2
  131.0441 3356 1
  133.0327 17055 4
  133.0655 8419 2
  134.9851 30599 8
  135.0084 5007 1
  135.0449 5376 1
  136.0248 3660 1
  136.0528 5727 1
  136.0767 3444 1
  136.9643 33705 8
  136.9878 4238 1
  137.0007 111222 28
  137.0077 5807 1
  137.0126 3645 1
  137.0172 5866 1
  137.0242 90279 23
  137.0607 57754 15
  137.0970 3590 1
  137.5417 2998 1
  137.9831 24332 6
  137.9956 3557 1
  138.0042 3772 1
  138.0085 8748 2
  138.0276 3976 1
  138.0323 5027 1
  138.0558 9377 2
  138.0639 5947 1
  138.9866 5328 1
  138.9963 3313 1
  139.0034 20854 5
  139.0069 8001 2
  139.0164 30150 8
  139.0399 52969 13
  139.0763 66292 17
  139.1126 19087 5
  139.9678 119313 30
  140.0111 3800 1
  140.0197 21949 6
  140.0352 14985 4
  140.0432 4905 1
  140.0797 4637 1
  140.1080 8083 2
  140.1160 4238 1
  140.4440 2844 1
  140.9647 8728 2
  140.9757 38901 10
  140.9828 5085 1
  140.9957 44019 11
  141.0190 14269 4
  141.0207 11184 3
  141.0556 43896 11
  141.0919 12684 3
  142.0507 4275 1
  142.0589 5578 1
  142.3435 2695 1
  142.9689 123331 31
  142.9913 5075 1
  143.0348 5762 1
  143.0709 5719 1
  144.9646 13082 3
  145.6216 2766 1
  147.8031 3051 1
  148.9761 2449 1
  148.9911 29289 7
  149.0007 20428 5
  149.0242 4425 1
  149.0276 16966 4
  149.0606 3561 1
  150.0309 2800 1
  150.0558 3210 1
  150.0639 4198 1
  150.0922 4921 1
  150.1004 2975 1
  150.9801 21311 5
  151.0035 26437 7
  151.0067 4610 1
  151.0163 55351 14
  151.0234 6270 2
  151.0399 76131 19
  151.0763 145165 37
  151.1127 21564 5
  151.9569 3220 1
  151.9834 12292 3
  151.9878 384773 97
  152.0198 17774 4
  152.0351 5369 1
  152.0433 4146 1
  152.0714 9139 2
  152.0797 9675 2
  152.1159 3831 1
  152.5328 3269 1
  152.9825 3151 1
  152.9843 5536 1
  152.9913 7790 2
  152.9956 77434 19
  153.0065 34008 9
  153.0120 3499 1
  153.0191 34925 9
  153.0206 4210 1
  153.0319 10803 3
  153.0390 14335 4
  153.0554 32197 8
  153.9837 3098 1
  154.0097 6171 2
  154.0270 35055 9
  154.0354 15207 4
  154.9913 3716 1
  154.9983 9251 2
  155.0112 40843 10
  155.0346 5920 1
  155.0365 4583 1
  155.0709 4719 1
  157.0865 3481 1
  158.8405 2933 1
  159.0294 5608 1
  160.9912 5153 1
  161.1486 2814 1
  163.0393 2853 1
  165.0190 4433 1
  165.0554 10313 3
  165.0918 4087 1
  165.9903 9553 2
  165.9988 6200 2
  166.0033 146737 37
  166.0266 3198 1
  166.9861 3213 1
  167.0066 3796 1
  167.0111 57603 14
  167.0343 3436 1
  167.0709 19261 5
  167.1074 8216 2
  167.6158 2792 1
  168.0744 11109 3
  168.1025 9656 2
  168.1105 3179 1
  168.9595 8361 2
  168.9958 7763 2
  169.0068 61765 16
  169.0139 41688 10
  169.0164 3248 1
  169.0172 3228 1
  169.0245 2763 1
  169.0268 17161 4
  169.0287 2631 1
  169.0470 2615 1
  169.0474 4228 1
  169.0502 168243 42
  169.0866 193019 49
  169.1230 27883 7
  169.9672 21540 5
  170.0328 3107 1
  170.0537 11732 3
  170.0819 36665 9
  170.0901 13446 3
  170.1180 4810 1
  170.9488 2975 1
  171.0294 3221 1
  171.0659 7422 2
  171.4669 2802 1
  179.0111 6425 2
  180.0145 19111 5
  180.0300 5032 1
  180.0415 3218 1
  180.9902 5000 1
  181.0067 18435 5
  181.0135 27209 7
  181.0173 5180 1
  181.0267 171442 43
  181.0502 17230 4
  182.0173 4261 1
  182.0453 7419 2
  182.8950 6840 2
  182.9747 3328 1
  183.0225 4370 1
  183.0296 13929 4
  183.0424 80917 20
  183.0659 30324 8
  183.1022 7948 2
  183.9774 2966 1
  184.0008 4538 1
  184.0247 26658 7
  184.0458 3620 1
  185.0216 370734 93
  185.0276 5255 1
  185.0450 13020 3
  185.0605 4994 1
  185.0816 3351 1
  185.9016 3949 1
  186.0225 3389 1
  186.0251 14304 4
  187.0242 11004 3
  188.0323 2676 1
  191.0377 4475 1
  192.0460 4974 1
  193.0172 19062 5
  193.0265 6530 2
  193.0534 10292 3
  194.0168 3947 1
  194.0370 3612 1
  194.0535 2950 1
  194.0565 3029 1
  194.9928 9186 2
  195.0225 4670 1
  195.0294 12920 3
  195.0425 3517 1
  195.0658 52196 13
  195.1022 13247 3
  196.0693 5344 1
  197.1185 4326 1
  198.0167 8156 2
  199.0538 4846 1
  204.9041 3057 1
  207.3899 2600 1
  208.8567 2734 1
  212.0196 34208 9
  212.0278 3073 1
  212.0313 4736 1
  212.0404 7941 2
  212.0434 3463 1
  212.0477 37422 9
  212.0561 16400 4
  212.0639 11927 3
  212.0675 57800 15
  212.0770 17646 4
  212.0924 8698 2
  212.1006 4367 1
  212.1159 3053 1
  212.1287 3405 1
  212.9742 41225 10
  212.9856 7528 2
  212.9892 9318 2
  212.9963 4631 1
  213.0041 5989 2
  213.0075 2639 1
  213.0229 46341 12
  213.0258 52834 13
  213.0300 23349 6
  213.0327 2054357 517
  213.0399 224058 56
  213.0434 40063 10
  213.0493 6865 2
  213.0528 1019016 256
  213.0598 83419 21
  213.0649 4738 1
  213.0680 18370 5
  213.0764 290922 73
  213.0912 14326 4
  213.1128 92781 23
  213.1280 5823 1
  213.1491 11030 3
  213.5528 3954 1
  214.0144 2991 1
  214.0176 3836 1
  214.0267 4572 1
  214.0362 97916 25
  214.0432 12314 3
  214.0463 3103 1
  214.0511 3584 1
  214.0561 41052 10
  214.0589 5376 1
  214.0629 5021 1
  214.0717 16499 4
  214.0798 20188 5
  214.0951 4275 1
  214.1080 21283 5
  214.1161 13497 3
  215.0016 4220 1
  215.0096 12467 3
  215.0192 7813 2
  215.0556 3923 1
  227.9412 3641 1
  233.0481 3878 1
//
