ACCESSION: MSBNK-MSSJ-MSJ04198
RECORD_TITLE: Diphenyl((4-(trifluoromethylthio)phenyl)ethynyl)silane; GC-EI-TOF; MS; POSITIVE; 70 V
DATE: 2025.09.01
AUTHORS: Eiyu Imai and Takemichi Nakamura, Molecular Structure Characterization Unit, RIKEN, Japan
LICENSE: CC BY
COPYRIGHT: Eiyu Imai, Molecular Structure Characterization Unit, RIKEN, Japan
PUBLICATION: Yuanhong Ma, et al., B(C6F5)3/Amine-Catalyzed C(sp)−H Silylation of Terminal Alkynes with Hydrosilanes: Experimental and Theoretical Studies. Angew. Chem. Int. Ed. 2018, 57, 15222 –15226. DOI: 10.1002/anie.201809533.
COMMENT: The compound analyzed, CH$NAME, is identical to the substance "4e" in Table 3. of the PUBLICATION.
COMMENT: Original ID of the mass spectral data is A_20170804_ma4MB/MYH-1430
COMMENT: JMS-T100GCV (JEOL, Akishima, Japan) is a reflectron time-of-flight (reTOF) mass spectrometer. Resolving power (FWHM, nominal) was 7000.
COMMENT: Typical accuracy level of the m/z value expected was 5 ppm. Postrun m/z was adjusted with the known mass 384.0616.
COMMENT: EI voltage was 70 V. Temperature of the ion-source and GC-transfer line were 200 C and 250 C, respectively. 
CH$NAME: Diphenyl((4-(trifluoromethylthio)phenyl)ethynyl)silane
CH$COMPOUND_CLASS: Non-natural compound
CH$FORMULA: C21H15F3SSi
CH$EXACT_MASS: 384.061582
CH$SMILES: FC(F)(F)Sc1ccc(cc1)C#C[SiH](c1ccccc1)c1ccccc1
CH$IUPAC: InChI=1S/C21H15F3SSi/c22-21(23,24)25-18-13-11-17(12-14-18)15-16-26(19-7-3-1-4-8-19)20-9-5-2-6-10-20/h1-14,26H
CH$LINK: INCHIKEY WZXOXALTHGOGNV-UHFFFAOYSA-N
CH$LINK: ChemOnt CHEMONTID:0004631; Organic compounds; Organosulfur compounds; Thioethers; Aryl thioethers
AC$INSTRUMENT: JMS-T100GCV (JEOL, Akishima, Japan) coupled to Agilent 7890A (Santa Clara, CA, USA) gas chromatograph.
AC$INSTRUMENT_TYPE: GC-EI-TOF
AC$MASS_SPECTROMETRY: MS_TYPE MS
AC$MASS_SPECTROMETRY: ION_MODE POSITIVE
AC$MASS_SPECTROMETRY: IONIZATION EI
AC$CHROMATOGRAPHY: CARRIER_GAS He, flow rate 1.5 ml/min
AC$CHROMATOGRAPHY: COLUMN_NAME HP-5 19091J-413 USD364547H (Agilent, Wilmington, USA) with the length 30.0 m, I.D. 0.32 mm, and thickness 0.25 micrometer.
AC$CHROMATOGRAPHY: COLUMN_TEMPERATURE Initial oven temperature at 70 C for 4 min and ramped at the rate of 30 C/min to 320 C and held at the final temperature for 7.67 min.
AC$CHROMATOGRAPHY: INJECTION_TEMPERATURE 250 C
AC$CHROMATOGRAPHY: RETENTION_TIME 11.80 min
PK$SPLASH: splash10-001r-2956000000-b450acd758a4d9411475
PK$NUM_PEAK: 280
PK$PEAK: m/z int. rel.int.
  27.024 0.431 4
  27.977 0.5091 5
  28.006 2.8782 29
  31.990 1.0949 11
  39.024 1.3376 13
  44.980 0.4394 4
  46.976 6.9874 70
  47.975 0.3713 4
  50.017 1.3958 14
  51.024 5.1244 51
  52.032 1.1061 11
  52.985 8.7567 87
  53.040 0.2142 2
  53.988 0.776 8
  55.000 0.352 4
  62.971 0.2774 3
  63.024 1.1461 11
  65.993 0.6563 7
  67.001 0.3779 4
  68.997 8.3886 84
  69.065 0.1189 1
  69.994 0.1241 1
  74.016 1.036 10
  75.024 2.2825 23
  76.032 1.679 17
  76.986 3.2281 32
  77.040 5.525 55
  77.992 1.1039 11
  78.049 8.4033 84
  78.121 0.1413 1
  79.001 5.6672 57
  79.053 0.6307 6
  80.004 0.7408 7
  80.998 0.2176 2
  81.989 0.3643 4
  84.957 0.3634 4
  87.025 0.364 4
  88.032 0.9045 9
  88.986 0.2017 2
  89.040 3.0435 30
  89.993 0.6172 6
  90.045 0.2721 3
  91.001 0.2591 3
  91.056 0.2508 3
  92.009 0.2256 2
  92.982 0.224 2
  96.030 0.1354 1
  98.017 0.2551 3
  99.024 0.8309 8
  100.032 1.1042 11
  100.986 0.7995 8
  101.040 3.6609 37
  101.993 0.5591 6
  102.047 1.1907 12
  103.001 6.2235 62
  103.054 0.5077 5
  104.007 2.0422 20
  105.017 45.6865 456
  105.466 0.1236 1
  105.522 0.1511 2
  106.020 6.317 63
  107.016 1.7015 17
  108.008 0.5591 6
  108.958 0.1944 2
  113.041 0.5944 6
  114.031 0.4363 4
  115.056 1.0048 10
  116.009 4.7896 48
  117.015 1.4261 14
  118.011 0.294 3
  118.510 0.2705 3
  119.011 0.1585 2
  120.039 0.5902 6
  121.015 0.2214 2
  123.010 0.2199 2
  124.017 0.5992 6
  125.027 2.1601 22
  126.048 2.021 20
  127.003 0.5594 6
  127.055 1.7281 17
  128.009 0.5621 6
  128.063 0.6299 6
  129.017 9.5158 95
  130.021 2.0616 21
  131.022 0.5525 6
  132.006 0.3969 4
  133.013 1.9942 20
  134.021 0.3939 4
  135.016 0.1321 1
  135.981 0.5216 5
  136.989 1.6466 16
  137.990 0.2482 2
  138.048 0.2756 3
  139.056 1.2668 13
  140.036 0.3681 4
  140.540 0.382 4
  141.043 0.6984 7
  141.547 0.7331 7
  142.028 0.3311 3
  143.012 0.4762 5
  143.509 0.4473 4
  144.013 0.1724 2
  145.012 0.5054 5
  147.008 0.3173 3
  149.028 0.759 8
  150.048 3.1407 31
  151.055 9.8423 98
  152.063 5.2749 53
  153.017 1.8474 18
  153.070 1.7604 18
  154.023 0.8881 9
  154.079 1.1426 11
  155.033 4.6671 47
  156.033 0.8291 8
  157.030 0.6053 6
  157.533 0.3985 4
  158.001 0.9806 10
  158.974 1.0351 10
  159.981 8.9082 89
  160.986 2.3963 24
  161.982 0.8431 8
  162.998 0.276 3
  163.056 0.9333 9
  164.064 0.8714 9
  165.018 0.3046 3
  165.072 3.6581 37
  166.025 0.342 3
  166.076 0.5796 6
  167.032 0.521 5
  168.038 0.1748 2
  173.023 0.1745 2
  174.049 0.6569 7
  175.056 1.6551 17
  176.064 24.0474 240
  176.195 0.7118 7
  177.071 13.5007 135
  178.079 15.3235 153
  179.033 3.5644 36
  179.083 2.6619 27
  180.040 13.192 132
  181.048 52.3572 523
  181.670 0.2092 2
  182.053 18.3306 183
  182.531 0.1903 2
  182.670 0.1622 2
  183.052 3.8272 38
  184.052 0.7679 8
  184.995 0.1859 2
  185.043 0.1686 2
  187.055 0.2003 2
  189.072 0.4487 4
  191.033 0.8139 8
  192.039 0.6604 7
  193.049 2.3657 24
  194.054 0.7497 7
  195.054 0.1968 2
  196.070 1.3146 13
  197.073 0.2409 2
  198.033 0.1706 2
  199.039 1.9735 20
  200.052 0.6114 6
  201.055 6.265 63
  201.160 0.1309 1
  202.009 0.893 9
  202.061 1.419 14
  203.035 1.1665 12
  204.041 2.5638 26
  204.976 0.2249 2
  205.048 4.8905 49
  205.172 0.1387 1
  206.055 3.9547 40
  207.063 12.4049 124
  208.050 3.1517 31
  208.166 0.1717 2
  209.045 5.3009 53
  210.048 1.1244 11
  211.006 1.1103 11
  212.011 0.4193 4
  213.021 4.1871 42
  214.023 0.7872 8
  215.025 0.501 5
  215.086 0.3722 4
  216.036 0.1374 1
  217.047 0.2477 2
  219.038 0.1314 1
  221.044 0.9744 10
  222.046 0.216 2
  223.040 6.0857 61
  223.172 0.2467 2
  224.047 7.7901 78
  225.053 3.4826 35
  226.069 0.9154 9
  227.070 1.1797 12
  228.083 0.3733 4
  228.977 2.1618 22
  229.048 0.7011 7
  229.982 0.5463 5
  230.050 0.1925 2
  230.977 0.2499 2
  231.064 0.8549 9
  232.066 0.1981 2
  235.006 0.3405 3
  236.014 0.8702 9
  237.021 59.7115 597
  237.783 0.1857 2
  238.025 17.6661 176
  238.820 0.1279 1
  239.024 7.4937 75
  240.028 1.6393 16
  241.043 0.566 6
  242.049 0.1863 2
  243.050 0.5567 6
  244.054 0.3598 4
  250.080 1.0416 10
  251.085 0.4214 4
  252.095 3.7613 38
  252.225 0.1273 1
  253.102 2.0148 20
  254.110 1.476 15
  255.012 1.933 19
  256.018 2.3182 23
  257.019 0.5931 6
  258.020 0.2441 2
  259.044 0.6239 6
  260.043 0.1529 2
  261.031 0.1413 1
  262.042 0.4895 5
  263.041 0.1398 1
  265.048 0.225 2
  265.098 0.1285 1
  267.064 0.5621 6
  268.070 0.2797 3
  269.079 0.3906 4
  270.088 1.0025 10
  271.092 0.3385 3
  277.049 0.1478 1
  278.049 1.1678 12
  279.063 1.4171 14
  280.067 0.5722 6
  281.080 2.64 26
  282.085 1.3825 14
  283.095 3.6685 37
  284.098 0.9652 10
  285.094 0.2706 3
  287.026 0.4547 5
  288.037 0.1587 2
  289.051 0.3583 4
  299.069 0.2272 2
  300.064 0.1559 2
  301.086 1.1094 11
  302.094 1.1604 12
  303.095 0.3265 3
  305.008 0.3391 3
  306.015 19.7056 197
  307.022 12.8888 129
  308.020 3.5997 36
  309.020 1.1591 12
  310.024 0.2579 3
  311.036 0.4242 4
  312.041 0.3334 3
  313.052 1.8116 18
  314.059 9.9529 99
  315.066 9.4033 94
  316.067 2.8135 28
  317.066 0.9181 9
  318.068 0.1817 2
  334.065 0.2102 2
  354.070 0.1947 2
  357.039 0.4527 5
  358.041 0.166 2
  365.065 1.6642 17
  366.068 0.4697 5
  367.065 0.1859 2
  383.054 13.177 132
  384.062 100 999
  385.064 28.605 286
  385.743 0.2152 2
  386.061 10.8406 108
  387.063 2.27 23
  388.061 0.4307 4
//
