ACCESSION: MSBNK-MSSJ-MSJ04218
RECORD_TITLE: (E)-alpha-[(Ethyldiphenylsilyl)methylene]benzeneacetic acid ethyl ester; GC-EI-TOF; MS; POSITIVE; 70 V
DATE: 2025.09.01
AUTHORS: Eiyu Imai and Takemichi Nakamura, Molecular Structure Characterization Unit, RIKEN, Japan
LICENSE: CC BY
COPYRIGHT: Eiyu Imai, Molecular Structure Characterization Unit, RIKEN, Japan
PUBLICATION: Yuanhong Ma, et al., B(C6F5)3/Amine-Catalyzed C(sp)−H Silylation of Terminal Alkynes with Hydrosilanes: Experimental and Theoretical Studies. Angew. Chem. Int. Ed. 2018, 57, 15222 –15226. DOI: 10.1002/anie.201809533.
COMMENT: Original ID of the mass spectral data is A_20170819_ma4MB/MYH-1451
COMMENT: JMS-T100GCV (JEOL, Akishima, Japan) is a reflectron time-of-flight (reTOF) mass spectrometer. Resolving power (FWHM, nominal) was 7000.
COMMENT: Typical accuracy level of the m/z value expected was 5 ppm. Postrun m/z was adjusted with the known mass 386.1702.
COMMENT: EI voltage was 70 V. Temperature of the ion-source and GC-transfer line were 200 C and 250 C, respectively. 
CH$NAME: (E)-alpha-[(Ethyldiphenylsilyl)methylene]benzeneacetic acid ethyl ester
CH$COMPOUND_CLASS: Non-natural compound
CH$FORMULA: C25H26O2Si
CH$EXACT_MASS: 386.170207
CH$SMILES: CC[Si](/C=C(\c1ccccc1)C(=O)OCC)(c1ccccc1)c1ccccc1
CH$IUPAC: InChI=1S/C25H26O2Si/c1-3-27-25(26)24(21-14-8-5-9-15-21)20-28(4-2,22-16-10-6-11-17-22)23-18-12-7-13-19-23/h5-20H,3-4H2,1-2H3/b24-20+
CH$LINK: INCHIKEY GHCNRGXUUTXIAH-HIXSDJFHSA-N
AC$INSTRUMENT: JMS-T100GCV (JEOL, Akishima, Japan) coupled to Agilent 7890A (Santa Clara, CA, USA) gas chromatograph.
AC$INSTRUMENT_TYPE: GC-EI-TOF
AC$MASS_SPECTROMETRY: MS_TYPE MS
AC$MASS_SPECTROMETRY: ION_MODE POSITIVE
AC$MASS_SPECTROMETRY: IONIZATION EI
AC$CHROMATOGRAPHY: CARRIER_GAS He, flow rate 1.5 ml/min
AC$CHROMATOGRAPHY: COLUMN_NAME HP-5 19091J-413 USD364547H (Agilent, Wilmington, USA) with the length 30.0 m, I.D. 0.32 mm, and thickness 0.25 micrometer.
AC$CHROMATOGRAPHY: COLUMN_TEMPERATURE Initial oven temperature at 70 C for 4 min and ramped at the rate of 30 C/min to 320 C and held at the final temperature for 11.67 min.
AC$CHROMATOGRAPHY: INJECTION_TEMPERATURE 250 C
AC$CHROMATOGRAPHY: RETENTION_TIME 12.26 min
PK$SPLASH: splash10-0a7r-1965000000-a1e378404833fb363e85
PK$NUM_PEAK: 228
PK$PEAK: m/z int. rel.int.
  27.024 6.5091 65
  28.006 2.0918 21
  28.031 0.8479 8
  28.984 0.8525 9
  29.002 0.5375 5
  29.039 33.2275 332
  30.043 0.7044 7
  31.990 1.2102 12
  39.024 0.8725 9
  43.000 0.8155 8
  43.018 0.4724 5
  44.980 10.2019 102
  45.035 0.3839 4
  45.980 0.5407 5
  50.016 0.7464 7
  51.024 3.348 33
  52.031 1.1782 12
  52.985 7.8937 79
  53.039 0.396 4
  53.988 0.648 6
  55.000 1.2405 12
  63.024 0.6791 7
  65.039 0.7284 7
  67.000 0.6052 6
  73.011 2.1118 21
  74.015 0.5165 5
  75.026 2.5501 25
  76.032 2.8637 29
  76.985 0.9259 9
  77.040 19.2316 192
  77.106 0.2825 3
  77.992 0.6711 7
  78.047 5.554 55
  79.001 6.4916 65
  79.054 1.5347 15
  80.004 0.7495 7
  81.016 1.0586 11
  89.039 0.5371 5
  91.022 0.6214 6
  91.055 4.5867 46
  93.016 0.6769 7
  101.040 0.7286 7
  102.048 15.2105 152
  103.001 6.8476 68
  103.054 4.5168 45
  104.007 2.4189 24
  104.061 0.9489 9
  105.016 72.3384 723
  105.071 2.5456 25
  106.020 10.5135 105
  106.075 0.3623 4
  107.031 10.4721 105
  108.033 1.1002 11
  115.055 2.7079 27
  116.061 0.5997 6
  117.017 1.2478 12
  118.031 0.314 3
  119.052 1.5561 16
  121.011 3.0455 30
  122.018 1.0223 10
  123.027 23.8262 238
  124.029 2.6491 26
  125.025 0.9386 9
  126.044 0.3708 4
  127.055 0.6519 7
  128.063 1.3407 13
  129.017 12.3159 123
  129.070 1.4917 15
  130.023 4.1149 41
  130.076 0.3387 3
  131.032 4.7041 47
  131.087 1.0598 11
  132.035 0.8733 9
  133.048 1.1718 12
  134.054 0.4175 4
  135.063 5.692 57
  136.065 0.766 8
  137.050 0.3465 3
  139.022 0.8663 9
  141.071 0.4011 4
  142.051 0.4272 4
  143.032 0.5448 5
  147.028 3.4145 34
  148.031 0.5139 5
  149.041 0.604 6
  150.049 0.5444 5
  151.058 12.7978 128
  152.062 5.8227 58
  153.017 1.0863 11
  153.069 1.82 18
  154.024 0.7885 8
  154.079 1.0439 10
  155.033 9.918 99
  156.035 1.6763 17
  157.046 1.1712 12
  158.054 0.3158 3
  161.080 0.5971 6
  164.550 2.3529 24
  165.071 4.1357 41
  166.076 0.7929 8
  167.036 0.6175 6
  167.086 0.7965 8
  175.023 3.1538 32
  176.063 1.9419 19
  177.018 0.4181 4
  177.071 2.1498 21
  178.079 23.3877 234
  178.564 0.3688 4
  179.033 4.6235 46
  179.087 38.6734 386
  180.040 16.181 162
  180.090 6.2131 62
  181.048 65.7207 657
  181.647 0.27 3
  181.716 0.2752 3
  182.051 13.477 135
  183.064 77.8154 777
  183.686 0.3407 3
  184.066 13.6518 136
  184.672 0.2324 2
  184.747 0.2205 2
  185.063 3.3765 34
  186.064 0.4195 4
  189.071 1.5066 15
  190.078 0.5684 6
  191.087 12.2521 122
  192.091 2.4143 24
  193.049 0.9962 10
  194.055 0.3233 3
  195.064 0.4949 5
  197.043 8.5615 86
  198.046 1.6685 17
  199.058 32.1412 321
  199.260 0.2308 2
  200.061 5.6819 57
  201.058 1.563 16
  202.077 0.51 5
  203.053 3.5646 36
  204.042 4.2682 43
  205.048 15.352 153
  206.055 9.7638 98
  207.064 22.4402 224
  208.068 4.9821 50
  209.070 1.2579 13
  211.095 7.4089 74
  212.097 1.5123 15
  213.094 0.3876 4
  215.088 0.3288 3
  221.044 0.9659 10
  223.059 11.9575 119
  224.062 2.4005 24
  225.060 0.7157 7
  226.076 0.2966 3
  227.090 0.9428 9
  229.048 0.4148 4
  231.070 0.5945 6
  232.091 0.8418 8
  233.080 1.1439 11
  234.052 0.5955 6
  235.093 2.5695 26
  236.097 0.7487 7
  237.078 0.4104 4
  239.087 0.4302 4
  240.097 0.5215 5
  250.047 0.609 6
  251.054 84.12 840
  251.751 0.2496 2
  251.839 0.2522 3
  252.056 17.4074 174
  252.316 0.2964 3
  253.056 5.3566 54
  254.058 1.0152 10
  255.065 1.1429 11
  256.069 0.3005 3
  257.079 2.3714 24
  258.081 0.5745 6
  259.094 1.3288 13
  261.076 0.7161 7
  262.082 1.5018 15
  263.087 0.8364 8
  264.087 0.3758 4
  265.104 1.9408 19
  266.108 0.5811 6
  267.118 1.3534 14
  268.126 3.9496 39
  269.129 0.9188 9
  279.085 67.2407 672
  280.088 16.6316 166
  281.099 33.7527 337
  282.102 7.5793 76
  283.095 40.6051 406
  284.100 14.0882 141
  285.103 4.2973 43
  286.107 0.7978 8
  293.084 0.3548 4
  295.094 0.7691 8
  301.106 0.546 5
  308.125 3.9377 39
  309.132 38.5487 385
  310.134 9.5254 95
  311.092 10.4169 104
  312.095 3.115 31
  313.133 6.3562 63
  314.136 1.7244 17
  315.133 0.4425 4
  327.085 0.3595 4
  328.092 0.8584 9
  329.101 25.6361 256
  329.356 0.2526 3
  330.104 6.9889 70
  331.103 1.72 17
  332.105 0.2879 3
  339.122 0.6668 7
  340.128 1.3379 13
  341.136 4.0066 40
  342.139 1.2795 13
  343.139 0.3718 4
  357.131 80.1598 801
  358.135 25.8834 259
  359.135 6.6556 66
  360.136 1.2021 12
  385.163 1.3506 13
  386.170 100 999
  387.173 32 320
  387.834 0.2839 3
  387.939 0.2364 2
  388.173 8.0196 80
  389.174 1.4716 15
//
