ACCESSION: MSBNK-MSSJ-MSJ04189
RECORD_TITLE: (Cyclohexylethynyl)diphenylsilane; GC-EI-TOF; MS; POSITIVE; 70 V
DATE: 2025.09.01
AUTHORS: Eiyu Imai and Takemichi Nakamura, Molecular Structure Characterization Unit, RIKEN, Japan
LICENSE: CC BY
COPYRIGHT: Eiyu Imai, Molecular Structure Characterization Unit, RIKEN, Japan
PUBLICATION: Yuanhong Ma, et al., B(C6F5)3/Amine-Catalyzed C(sp)−H Silylation of Terminal Alkynes with Hydrosilanes: Experimental and Theoretical Studies. Angew. Chem. Int. Ed. 2018, 57, 15222 –15226. DOI: 10.1002/anie.201809533.
COMMENT: The compound analyzed, CH$NAME, is identical to the substance "4v" in Table 3. of the PUBLICATION.
COMMENT: Original ID of the mass spectral data is A_20170804_ma4MB/MYH-1363
COMMENT: JMS-T100GCV (JEOL, Akishima, Japan) is a reflectron time-of-flight (reTOF) mass spectrometer. Resolving power (FWHM, nominal) was 7000.
COMMENT: Typical accuracy level of the m/z value expected was 5 ppm. Postrun m/z was adjusted with the known mass 290.1491.
COMMENT: EI voltage was 70 V. Temperature of the ion-source and GC-transfer line were 200 C and 250 C, respectively. 
CH$NAME: (Cyclohexylethynyl)diphenylsilane
CH$COMPOUND_CLASS: Non-natural compound
CH$FORMULA: C20H22Si
CH$EXACT_MASS: 290.149077
CH$SMILES: C(#CC1CCCCC1)[SiH](c1ccccc1)c1ccccc1
CH$IUPAC: InChI=1S/C20H22Si/c1-4-10-18(11-5-1)16-17-21(19-12-6-2-7-13-19)20-14-8-3-9-15-20/h2-3,6-9,12-15,18,21H,1,4-5,10-11H2
CH$LINK: INCHIKEY MBNGQKZLHWDQTR-UHFFFAOYSA-N
AC$INSTRUMENT: JMS-T100GCV (JEOL, Akishima, Japan) coupled to Agilent 7890A (Santa Clara, CA, USA) gas chromatograph.
AC$INSTRUMENT_TYPE: GC-EI-TOF
AC$MASS_SPECTROMETRY: MS_TYPE MS
AC$MASS_SPECTROMETRY: ION_MODE POSITIVE
AC$MASS_SPECTROMETRY: IONIZATION EI
AC$CHROMATOGRAPHY: CARRIER_GAS He, flow rate 1.5 ml/min
AC$CHROMATOGRAPHY: COLUMN_NAME HP-5 19091J-413 USD364547H (Agilent, Wilmington, USA) with the length 30.0 m, I.D. 0.32 mm, and thickness 0.25 micrometer.
AC$CHROMATOGRAPHY: COLUMN_TEMPERATURE Initial oven temperature at 70 C for 4 min and ramped at the rate of 30 C/min to 320 C and held at the final temperature for 1.67 min.
AC$CHROMATOGRAPHY: INJECTION_TEMPERATURE 250 C
AC$CHROMATOGRAPHY: RETENTION_TIME 11.17 min
PK$SPLASH: splash10-0bu0-2940000000-0f61af505cd612dcf74d
PK$NUM_PEAK: 241
PK$PEAK: m/z int. rel.int.
  27.024 3.7562 38
  27.977 0.4585 5
  28.006 2.4212 24
  28.032 2.0088 20
  28.985 1.0896 11
  29.040 4.6276 46
  31.990 0.928 9
  39.024 5.2204 52
  40.032 0.8434 8
  41.040 14.7016 147
  41.087 0.1786 2
  42.047 1.2323 12
  43.001 2.0771 21
  43.056 1.4329 14
  50.017 0.9377 9
  51.024 3.753 37
  52.032 1.2533 13
  52.985 18.7033 187
  53.040 2.2306 22
  53.088 0.128 1
  53.990 1.8908 19
  54.048 1.3437 13
  55.001 3.8045 38
  55.056 4.3354 43
  56.006 0.5218 5
  56.064 3.9294 39
  57.016 0.5355 5
  58.024 0.2184 2
  63.024 0.6433 6
  65.040 1.4336 14
  65.993 2.0187 20
  66.048 0.4929 5
  67.001 4.2578 43
  67.056 3.3844 34
  68.006 0.6354 6
  68.061 0.2761 3
  69.016 1.4072 14
  70.020 0.1603 2
  71.032 0.2648 3
  75.025 0.3232 3
  76.032 0.4662 5
  76.986 2.5541 26
  77.040 4.8437 48
  77.993 1.245 12
  78.048 5.5232 55
  79.001 13.2244 132
  79.055 5.7411 57
  80.006 2.1031 21
  80.063 2.68 27
  81.017 3.7343 37
  81.071 2.2107 22
  82.024 2.5172 25
  82.079 0.616 6
  83.032 1.4859 15
  83.088 0.1988 2
  84.037 0.3509 4
  89.040 0.6374 6
  89.993 0.3797 4
  91.001 0.5936 6
  91.056 5.5947 56
  92.009 0.7338 7
  92.060 0.6585 7
  93.017 3.7401 37
  93.071 0.4875 5
  94.022 0.7994 8
  95.032 2.1238 21
  96.036 0.4056 4
  97.047 0.4177 4
  100.986 0.2662 3
  102.048 0.9873 10
  103.002 8.0602 81
  103.056 1.3384 13
  104.008 2.7445 27
  104.063 2.5983 26
  105.017 90.3835 903
  105.071 7.2183 72
  105.532 0.2532 3
  105.875 0.1786 2
  106.022 22.978 230
  106.078 1.8308 18
  107.032 18.1063 181
  107.171 0.1333 1
  108.037 3.5957 36
  109.044 1.2285 12
  110.041 0.3773 4
  115.056 4.7104 47
  116.010 0.4161 4
  116.061 0.7071 7
  117.017 2.5459 25
  117.071 0.6353 6
  118.023 1.1417 11
  119.032 4.7148 47
  120.039 2.1769 22
  121.048 9.1525 91
  121.135 0.1372 1
  122.049 1.1757 12
  123.045 0.4645 5
  124.051 0.4426 4
  126.049 0.3854 4
  127.056 1.045 10
  128.064 5.2168 52
  129.017 29.5888 296
  129.070 2.1114 21
  130.024 21.5451 215
  131.032 28.4577 284
  132.038 8.3542 83
  133.048 14.9478 149
  134.055 11.2847 113
  135.060 2.8295 28
  136.063 0.5955 6
  139.056 0.599 6
  141.018 1.0403 10
  141.072 4.8331 48
  142.025 2.1073 21
  142.078 1.6124 16
  143.033 9.1438 91
  144.040 14.5693 146
  145.047 7.8006 78
  146.052 1.9927 20
  147.062 1.0301 10
  148.064 0.158 2
  151.056 0.4501 4
  152.064 2.4843 25
  153.018 1.5358 15
  153.072 2.6648 27
  154.024 1.1637 12
  154.080 3.192 32
  155.033 15.562 155
  155.086 2.7035 27
  156.040 8.1869 82
  157.048 12.9602 129
  158.055 8.523 85
  159.060 2.6033 26
  160.061 0.4766 5
  161.077 0.2659 3
  165.072 3.6718 37
  166.026 0.255 3
  166.079 1.8032 18
  167.033 4.783 48
  167.087 3.6167 36
  168.039 1.6037 16
  168.094 2.4545 25
  169.049 8.2323 82
  169.102 4.0281 40
  170.055 3.9254 39
  171.064 10.9737 110
  172.067 2.185 22
  173.072 0.7442 7
  177.018 0.2344 2
  178.025 0.2585 3
  178.080 2.5871 26
  179.033 3.1104 31
  179.085 1.0691 11
  180.041 12.4866 125
  181.049 57.6797 576
  181.665 0.2171 2
  182.053 17.1611 171
  182.678 0.1671 2
  183.064 58.6324 586
  183.691 0.2606 3
  184.070 25.0402 250
  184.697 0.2174 2
  185.072 5.4635 55
  185.708 0.1466 1
  186.084 2.2044 22
  187.088 0.3947 4
  189.072 0.5779 6
  190.078 0.1883 2
  191.034 0.462 5
  191.088 0.502 5
  192.041 0.3055 3
  193.049 1.3637 14
  194.055 0.9412 9
  195.064 4.389 44
  196.070 2.0834 21
  197.080 7.6875 77
  198.082 1.4958 15
  199.093 1.6016 16
  200.096 0.2889 3
  202.081 0.6999 7
  203.034 0.4112 4
  203.087 0.5514 6
  204.041 1.195 12
  205.049 3.9491 39
  206.053 1.1068 11
  207.064 60.2974 602
  207.781 0.1854 2
  208.070 35.7387 357
  208.768 0.2014 2
  209.078 23.3679 233
  209.789 0.1478 1
  210.081 5.2816 53
  210.200 0.1285 1
  210.331 0.1453 1
  211.094 7.1828 72
  211.227 0.1951 2
  212.103 100 999
  212.825 0.3018 3
  213.106 22.2595 222
  213.838 0.209 2
  214.104 5.0794 51
  214.364 0.1795 2
  215.099 0.9912 10
  216.094 0.2245 2
  217.049 1.6419 16
  218.054 0.6532 7
  219.064 1.6245 16
  220.071 1.2044 12
  221.080 3.8698 39
  222.087 8.1999 82
  223.092 2.4763 25
  224.091 0.5589 6
  228.042 0.1686 2
  229.049 0.3797 4
  230.055 0.2322 2
  231.065 1.3598 14
  232.069 0.4148 4
  233.080 5.5303 55
  234.085 1.9216 19
  235.095 3.4929 35
  236.099 0.974 10
  237.097 0.2184 2
  241.050 0.1851 2
  243.064 0.2626 3
  245.080 0.6649 7
  246.084 0.2649 3
  247.095 1.242 12
  248.102 1.1574 12
  249.109 0.9781 10
  250.111 0.2179 2
  259.095 0.3329 3
  261.111 0.8701 9
  262.118 0.9991 10
  263.122 0.279 3
  275.127 0.4287 4
  288.134 0.2321 2
  289.142 9.3424 93
  290.149 30.5023 305
  291.151 7.8874 79
  292.151 1.8356 18
  293.153 0.2413 2
//
