ACCESSION: MSBNK-MSSJ-MSJ04236
RECORD_TITLE: (Z)-6,6,6-Trifluoro-1,4-diphenylhex-3-en-1-yl 2,2,2-trifluoroacetate; GC-EI-TOF; MS; POSITIVE; 70 V
DATE: 2025.09.01
AUTHORS: Eiyu Imai and Takemichi Nakamura, Molecular Structure Characterization Unit, RIKEN, Japan
LICENSE: CC BY
COPYRIGHT: Eiyu Imai, Molecular Structure Characterization Unit, RIKEN, Japan
PUBLICATION: Elena Valverde, et al., Metal-free alkene oxy- and amino perfluoroalkylations via carbocation formation by using perfluoro acid anhydrides: unique reactivity between styrenes and perfluoro diacyl peroxides.  Chem. Sci., 2018, 9, 7115. DOI: 10.1039/c8sc02547a.
COMMENT: The compound analyzed, CH$NAME, is identical to the substance "14" in Scheme 8 of the PUBLICATION.
COMMENT: Original ID of the mass spectral data is A_20180116_sekine4MB/DS2SK1.
COMMENT: JMS-T100GCV (JEOL, Akishima, Japan) is a reflectron time-of-flight (reTOF) mass spectrometer. Resolving power (FWHM, nominal) was 7000.
COMMENT: Typical accuracy level of the m/z value expected was 5 ppm. Postrun m/z was adjusted with the known mass 402.1054.
COMMENT: EI voltage was 70 V. Temperature of the ion-source and GC-transfer line were 200 C and 250 C, respectively. 
CH$NAME: (Z)-6,6,6-Trifluoro-1,4-diphenylhex-3-en-1-yl 2,2,2-trifluoroacetate
CH$COMPOUND_CLASS: Non-natural compound
CH$FORMULA: C20H16F6O2
CH$EXACT_MASS: 402.105448
CH$SMILES: FC(F)(F)C(=O)OC(C\C=C(\CC(F)(F)F)c1ccccc1)c1ccccc1
CH$IUPAC: InChI=1S/C20H16F6O2/c21-19(22,23)13-16(14-7-3-1-4-8-14)11-12-17(15-9-5-2-6-10-15)28-18(27)20(24,25)26/h1-11,17H,12-13H2/b16-11-
CH$LINK: INCHIKEY VVBURACCNMJIPT-WJDWOHSUSA-N
AC$INSTRUMENT: JMS-T100GCV (JEOL, Akishima, Japan) coupled to Agilent 7890A (Santa Clara, CA, USA) gas chromatograph.
AC$INSTRUMENT_TYPE: GC-EI-TOF
AC$MASS_SPECTROMETRY: MS_TYPE MS
AC$MASS_SPECTROMETRY: ION_MODE POSITIVE
AC$MASS_SPECTROMETRY: IONIZATION EI
AC$CHROMATOGRAPHY: CARRIER_GAS He, flow rate 1.5 ml/min
AC$CHROMATOGRAPHY: COLUMN_NAME HP-5 19091J-413 USD364547H (Agilent, Wilmington, USA) with the length 30.0 m, I.D. 0.32 mm, and thickness 0.25 micrometer.
AC$CHROMATOGRAPHY: COLUMN_TEMPERATURE Initial oven temperature at 70 C for 4 min and ramped at the rate of 30 C/min to 320 C and held at the final temperature for 1.67 min.
AC$CHROMATOGRAPHY: INJECTION_TEMPERATURE 250 C
AC$CHROMATOGRAPHY: RETENTION_TIME 9.83 min
PK$SPLASH: splash10-0uxs-2940000000-ede225d5da25b5793ff0
PK$NUM_PEAK: 291
PK$PEAK: m/z int. rel.int.
  27.023 0.8453 8
  28.006 0.613 6
  29.003 1.2041 12
  30.998 0.0773 1
  31.990 0.358 4
  35.976 0.0837 1
  38.016 0.1244 1
  39.024 2.6423 26
  40.030 0.1767 2
  41.039 0.5109 5
  43.990 0.1179 1
  44.998 0.4887 5
  47.030 0.0876 1
  50.016 0.9739 10
  51.024 6.4452 64
  51.119 0.0461 0
  52.031 1.4239 14
  53.039 0.519 5
  57.014 0.5741 6
  59.030 0.2007 2
  62.016 0.2771 3
  63.024 2.2123 22
  64.031 0.4835 5
  65.039 4.4216 44
  66.043 0.2956 3
  68.995 35.0395 350
  69.293 0.0804 1
  69.406 0.0968 1
  69.682 0.0699 1
  69.999 0.4785 5
  71.030 0.1286 1
  74.016 0.314 3
  75.023 0.9229 9
  76.032 1.7492 17
  77.039 18.6311 186
  77.211 0.0516 1
  77.423 0.0553 1
  77.477 0.0496 0
  77.714 0.042 0
  77.745 0.0432 0
  77.770 0.0374 0
  77.992 0.1003 1
  78.046 5.5513 55
  78.474 0.0415 0
  79.053 0.9123 9
  81.015 0.1051 1
  82.030 0.1056 1
  82.535 0.1756 2
  83.031 0.5532 6
  86.017 0.0655 1
  87.024 0.2577 3
  88.032 0.4517 5
  89.039 4.5593 46
  89.174 0.0424 0
  89.541 0.3229 3
  90.047 1.7683 18
  91.055 44.2133 442
  91.396 0.1005 1
  91.527 0.131 1
  91.842 0.0865 1
  92.059 3.5797 36
  92.558 0.0497 0
  93.063 0.126 1
  94.027 0.0855 1
  94.536 0.3883 4
  95.037 0.5523 6
  95.542 0.1886 2
  96.042 0.2537 3
  96.990 2.482 25
  97.045 0.1167 1
  97.994 0.0643 1
  98.034 0.109 1
  99.024 0.0871 1
  100.031 0.1321 1
  100.536 0.094 1
  101.039 2.9979 30
  101.172 0.0576 1
  101.542 0.719 7
  102.047 5.2819 53
  102.550 0.428 4
  103.055 4.6932 47
  103.187 0.0545 1
  104.063 43.3184 433
  104.428 0.0953 1
  104.566 0.1302 1
  104.640 0.0426 0
  105.034 18.7762 188
  105.546 0.0586 1
  106.038 1.6405 16
  107.036 0.5946 6
  107.544 0.3178 3
  108.043 0.5723 6
  108.550 0.1166 1
  109.046 13.2769 133
  109.560 0.1055 1
  110.049 1.1035 11
  111.010 0.0483 0
  111.046 0.1021 1
  113.039 0.4116 4
  114.047 0.7129 7
  114.550 0.095 1
  115.055 57.2394 572
  115.438 0.115 1
  115.586 0.1653 2
  116.061 16.0383 160
  116.539 0.1076 1
  117.068 2.3398 23
  118.073 0.187 2
  119.034 0.1426 1
  120.039 0.2156 2
  121.038 0.1963 2
  122.052 0.1738 2
  123.044 0.2548 3
  123.547 0.1176 1
  124.050 0.3544 4
  124.554 0.202 2
  125.040 0.2095 2
  126.047 0.6273 6
  127.038 15.6533 156
  127.593 0.0601 1
  127.931 0.0403 0
  127.969 0.0407 0
  128.063 17.1668 171
  128.530 0.0586 1
  129.070 16.7781 168
  129.566 0.0469 0
  130.076 3.001 30
  130.170 0.0495 0
  131.081 0.2638 3
  132.038 0.0831 1
  133.045 5.103 51
  134.051 0.9446 9
  134.558 0.0786 1
  135.061 16.6063 166
  135.288 0.0393 0
  135.564 0.0539 1
  136.065 1.6963 17
  137.067 0.0812 1
  138.041 0.0624 1
  139.055 0.9207 9
  140.054 0.2744 3
  141.071 3.9652 40
  142.076 0.7469 7
  143.030 0.0589 1
  143.083 0.1027 1
  144.055 0.1191 1
  144.560 0.1091 1
  145.043 0.4996 5
  146.054 2.3979 24
  146.156 0.0505 1
  147.060 0.8164 8
  148.066 0.1381 1
  150.048 0.1644 2
  151.038 1.715 17
  152.062 0.8539 9
  153.054 0.7871 8
  154.065 0.0951 1
  155.032 0.5652 6
  156.037 0.0976 1
  157.047 0.3399 3
  158.049 0.088 1
  159.062 13.2241 132
  159.311 0.048 0
  159.618 0.05 0
  159.686 0.0477 0
  160.065 1.8702 19
  161.071 0.1475 1
  162.052 0.0714 1
  162.120 0.0455 0
  162.170 0.0443 0
  163.045 0.3087 3
  164.044 7.2134 72
  165.065 1.973 20
  166.073 0.3699 4
  167.086 0.0949 1
  169.039 0.1329 1
  170.054 0.4022 4
  171.061 2.5223 25
  172.064 0.4291 4
  173.058 0.7843 8
  174.058 0.1086 1
  175.038 24.7993 248
  175.620 0.0862 1
  176.042 2.3929 24
  176.639 0.0569 1
  177.053 2.7037 27
  177.676 0.0407 0
  178.077 2.1425 21
  179.068 13.6836 137
  179.634 0.1275 1
  180.072 1.988 20
  180.701 0.0446 0
  181.075 0.1558 2
  181.217 0.0398 0
  182.036 0.2213 2
  183.044 0.3097 3
  184.048 0.2525 3
  185.059 0.0572 1
  186.066 0.2735 3
  187.055 0.1183 1
  188.048 0.2561 3
  189.070 1.6686 17
  189.202 0.0572 1
  190.078 1.6979 17
  190.206 0.0539 1
  191.080 2.0317 20
  192.089 0.4509 5
  193.098 0.0959 1
  195.044 0.1567 2
  196.054 0.1544 2
  197.058 1.0641 11
  198.066 2.4997 25
  199.074 100 999
  199.579 0.1981 2
  199.772 0.3061 3
  200.077 13.2889 133
  200.764 0.1997 2
  201.076 1.1742 12
  201.271 0.1596 2
  201.821 0.1116 1
  202.079 4.2029 42
  202.212 0.1675 2
  203.032 95.8333 957
  203.542 0.1811 2
  203.737 0.2775 3
  204.036 9.7927 98
  204.093 4.7377 47
  204.744 0.1786 2
  205.039 0.8429 8
  205.102 21.5759 216
  205.799 0.144 1
  206.106 3.8934 39
  206.843 0.0863 1
  207.109 0.3331 3
  207.381 0.0701 1
  207.923 0.0485 0
  208.055 0.057 1
  209.060 0.1996 2
  210.066 1.2557 13
  211.074 1.5173 15
  211.187 0.041 0
  212.077 0.2348 2
  213.070 0.2204 2
  214.074 0.0935 1
  215.086 1.0889 11
  216.092 0.3465 3
  217.102 0.4924 5
  218.107 0.1605 2
  219.117 0.3758 4
  220.071 0.1629 2
  221.079 0.1765 2
  222.084 0.0582 1
  223.081 0.0824 1
  226.079 0.1158 1
  227.083 0.2237 2
  228.092 0.0998 1
  229.102 0.7998 8
  230.107 0.1632 2
  233.077 0.1987 2
  234.081 0.1132 1
  238.060 0.0511 1
  244.068 0.0566 1
  245.077 0.0805 1
  246.084 0.3849 4
  247.089 1.2272 12
  248.094 0.2567 3
  249.108 0.7357 7
  250.112 0.163 2
  251.069 0.0678 1
  253.085 0.0575 1
  260.082 0.3232 3
  261.087 0.147 1
  267.099 0.0633 1
  269.115 0.3129 3
  270.119 0.0664 1
  272.085 0.0489 0
  273.090 1.0943 11
  274.094 0.2242 2
  286.096 0.1025 1
  287.105 0.9566 10
  288.113 46.7828 467
  288.717 0.0848 1
  289.118 13.3113 133
  290.123 2.0509 20
  290.730 0.0498 0
  291.127 0.1986 2
  298.043 2.1325 21
  299.047 0.3232 3
  402.105 1.9222 19
  403.109 0.4504 4
  404.116 0.0557 1
//
