ACCESSION: MSBNK-MSSJ-MSJ04209
RECORD_TITLE: Diphenyl((4-(trifluoromethyl)phenyl)ethynyl)silane; GC-EI-TOF; MS; POSITIVE; 70 V
DATE: 2025.09.01
AUTHORS: Eiyu Imai and Takemichi Nakamura, Molecular Structure Characterization Unit, RIKEN, Japan
LICENSE: CC BY
COPYRIGHT: Eiyu Imai, Molecular Structure Characterization Unit, RIKEN, Japan
PUBLICATION: Yuanhong Ma, et al., B(C6F5)3/Amine-Catalyzed C(sp)−H Silylation of Terminal Alkynes with Hydrosilanes: Experimental and Theoretical Studies. Angew. Chem. Int. Ed. 2018, 57, 15222 –15226. DOI: 10.1002/anie.201809533.
COMMENT: The compound analyzed, CH$NAME, is identical to the substance "4j" in Table 3. of the PUBLICATION.
COMMENT: Original ID of the mass spectral data is A_20170819_ma4MB/MYH-1351.
COMMENT: JMS-T100GCV (JEOL, Akishima, Japan) is a reflectron time-of-flight (reTOF) mass spectrometer. Resolving power (FWHM, nominal) was 7000.
COMMENT: Typical accuracy level of the m/z value expected was 5 ppm. Postrun m/z was adjusted with the known mass 352.0895.
COMMENT: EI voltage was 70 V. Temperature of the ion-source and GC-transfer line were 200 C and 250 C, respectively. 
CH$NAME: Diphenyl((4-(trifluoromethyl)phenyl)ethynyl)silane
CH$COMPOUND_CLASS: Non-natural compound
CH$FORMULA: C21H15F3Si
CH$EXACT_MASS: 352.089511
CH$SMILES: FC(F)(F)c1ccc(cc1)C#C[SiH](c1ccccc1)c1ccccc1
CH$IUPAC: InChI=1S/C21H15F3Si/c22-21(23,24)18-13-11-17(12-14-18)15-16-25(19-7-3-1-4-8-19)20-9-5-2-6-10-20/h1-14,25H
CH$LINK: INCHIKEY VHGIXQIGUVXMJO-UHFFFAOYSA-N
AC$INSTRUMENT: JMS-T100GCV (JEOL, Akishima, Japan) coupled to Agilent 7890A (Santa Clara, CA, USA) gas chromatograph.
AC$INSTRUMENT_TYPE: GC-EI-TOF
AC$MASS_SPECTROMETRY: MS_TYPE MS
AC$MASS_SPECTROMETRY: ION_MODE POSITIVE
AC$MASS_SPECTROMETRY: IONIZATION EI
AC$CHROMATOGRAPHY: CARRIER_GAS He, flow rate 1.5 ml/min
AC$CHROMATOGRAPHY: COLUMN_NAME HP-5 19091J-413 USD364547H (Agilent, Wilmington, USA) with the length 30.0 m, I.D. 0.32 mm, and thickness 0.25 micrometer.
AC$CHROMATOGRAPHY: COLUMN_TEMPERATURE Initial oven temperature at 70 C for 4 min and ramped at the rate of 30 C/min to 320 C and held at the final temperature for 11.67 min.
AC$CHROMATOGRAPHY: INJECTION_TEMPERATURE 250 C
AC$CHROMATOGRAPHY: RETENTION_TIME 11.20 min
PK$SPLASH: splash10-0zi0-2974000000-658606973a010fab6dd0
PK$NUM_PEAK: 250
PK$PEAK: m/z int. rel.int.
  27.023 0.7776 8
  27.977 0.6217 6
  28.006 5.8071 58
  28.985 0.3216 3
  31.989 1.9069 19
  39.024 2.6816 27
  46.976 9.3149 93
  47.975 0.4581 5
  48.973 0.3358 3
  50.016 2.4041 24
  51.024 9.3081 93
  52.031 1.8347 18
  52.985 12.6867 127
  53.039 0.3723 4
  53.988 1.1399 11
  55.000 0.5649 6
  57.014 1.1099 11
  62.016 0.9951 10
  63.024 3.2985 33
  65.039 0.3549 4
  65.993 0.6682 7
  67.000 0.4971 5
  68.997 0.991 10
  74.016 1.0514 11
  75.024 1.7676 18
  76.032 1.2484 12
  76.985 3.3001 33
  77.040 5.1918 52
  77.992 1.6806 17
  78.048 8.845 88
  79.001 7.884 79
  79.051 0.7037 7
  80.004 1.0569 11
  81.014 1.9325 19
  86.016 1.1707 12
  87.024 1.5671 16
  88.031 0.4006 4
  89.039 0.6969 7
  89.993 0.2815 3
  90.998 0.2 2
  91.055 0.314 3
  93.016 0.3056 3
  95.031 0.2716 3
  96.991 0.4241 4
  98.016 0.2892 3
  99.019 0.4897 5
  100.031 0.237 2
  100.985 0.8833 9
  101.039 1.574 16
  101.993 0.8978 9
  102.048 1.023 10
  103.001 8.3812 84
  104.007 3.3361 33
  105.016 51.2958 512
  105.215 0.1326 1
  105.476 0.1331 1
  105.521 0.1544 2
  106.020 7.3154 73
  107.018 1.9953 20
  108.036 0.3981 4
  110.016 0.413 4
  111.024 0.6235 6
  113.040 0.6245 6
  114.045 0.308 3
  115.056 1.1208 11
  117.015 0.2668 3
  120.039 1.6384 16
  120.992 0.3495 3
  123.004 0.3723 4
  124.015 0.2742 3
  125.024 6.9799 70
  126.029 7.7803 78
  126.118 0.1273 1
  127.035 2.099 21
  127.525 0.1742 2
  128.009 2.1306 21
  128.063 0.6352 6
  129.017 19.0224 190
  129.168 0.1271 1
  130.020 3.4676 35
  131.029 1.9409 19
  132.038 1.4972 15
  133.045 0.6043 6
  137.035 0.4574 5
  138.046 0.4299 4
  139.055 1.5905 16
  140.044 0.2393 2
  141.024 0.2117 2
  142.023 0.209 2
  143.020 0.3293 3
  144.037 0.2665 3
  145.029 0.3616 4
  147.006 2.1605 22
  148.009 0.3299 3
  149.023 1.3561 14
  150.046 1.2067 12
  151.038 14.3958 144
  152.062 3.2119 32
  153.017 1.4674 15
  153.069 1.6617 17
  154.023 0.8438 8
  154.079 1.6553 17
  155.032 6.4223 64
  156.036 1.1749 12
  157.043 0.6389 6
  161.040 0.3018 3
  162.047 0.5538 6
  163.056 2.7537 28
  164.061 0.7391 7
  165.071 1.3929 14
  166.041 0.8937 9
  166.544 0.1991 2
  167.030 0.2571 3
  168.037 0.2167 2
  169.029 1.3507 13
  169.980 0.1914 2
  170.036 2.5425 25
  170.991 0.439 4
  171.040 0.271 3
  171.997 0.1996 2
  173.005 1.007 10
  174.045 0.3376 3
  175.041 1.3196 13
  176.064 3.4234 34
  177.018 0.4832 5
  177.069 0.9715 10
  178.011 0.7731 8
  178.079 8.9736 90
  179.032 3.072 31
  179.082 1.7322 17
  179.163 0.1253 1
  180.040 16.1788 162
  181.048 58.1598 581
  181.712 0.2397 2
  182.053 21.2609 212
  182.680 0.1976 2
  183.056 5.3457 53
  183.669 0.1228 1
  184.057 0.9179 9
  185.050 0.1943 2
  186.045 0.3974 4
  187.056 3.6533 36
  187.185 0.1573 2
  188.063 4.0168 40
  188.199 0.2631 3
  189.071 14.989 150
  189.270 0.1388 1
  190.075 2.3897 24
  191.080 0.2641 3
  193.044 0.2256 2
  194.051 0.3195 3
  195.059 0.1604 2
  196.071 0.8826 9
  197.004 22.207 222
  198.007 3.5435 35
  199.038 2.9185 29
  200.045 0.6595 7
  201.054 10.5604 105
  202.057 1.8834 19
  203.067 2.8275 28
  204.042 1.2382 12
  205.047 3.6649 37
  206.054 3.9531 39
  206.182 0.137 1
  207.063 43.6315 436
  207.342 0.1308 1
  207.712 0.1435 1
  207.780 0.1524 2
  208.066 8.9719 90
  209.070 1.7009 17
  210.072 0.1832 2
  212.052 0.1596 2
  213.072 0.2527 3
  214.063 0.274 3
  219.046 0.2033 2
  221.006 0.4118 4
  222.019 0.144 1
  223.032 0.7026 7
  224.051 0.3165 3
  225.054 4.3648 44
  226.062 0.9045 9
  227.068 80.0486 800
  227.815 0.2459 2
  228.072 13.1587 131
  228.853 0.163 2
  229.075 1.0836 11
  230.059 0.1581 2
  231.063 0.2395 2
  237.073 0.3145 3
  239.087 0.4321 4
  244.058 0.1862 2
  245.059 0.6344 6
  246.068 2.7763 28
  247.021 0.5167 5
  247.070 0.5086 5
  248.027 0.8654 9
  249.035 0.8965 9
  250.056 0.6845 7
  251.077 0.3077 3
  252.096 1.3276 13
  253.043 0.1774 2
  253.102 0.5195 5
  254.053 0.1524 2
  255.057 0.3859 4
  256.060 0.1787 2
  257.076 0.3251 3
  261.071 0.2814 3
  262.072 0.1536 2
  263.088 0.5739 6
  264.091 0.1666 2
  265.103 1.0489 10
  266.108 0.3291 3
  267.120 0.4703 5
  270.084 0.2226 2
  271.020 0.2467 2
  272.027 0.5143 5
  273.036 11.0905 111
  274.043 49.788 497
  274.772 0.147 1
  274.863 0.1596 2
  275.049 24.3026 243
  276.050 5.2219 52
  277.050 1.0826 11
  278.054 0.3321 3
  279.061 0.318 3
  281.079 0.7508 8
  282.084 0.244 2
  283.095 1.4482 14
  284.098 0.383 4
  285.106 0.2745 3
  299.058 0.3008 3
  301.084 0.6016 6
  302.088 0.1988 2
  303.100 0.3894 4
  321.090 0.1954 2
  322.096 0.3276 3
  323.049 0.1558 2
  325.067 0.902 9
  326.071 0.2988 3
  333.092 5.6241 56
  334.095 1.54 15
  335.093 0.3797 4
  349.066 0.8923 9
  350.072 0.405 4
  351.082 24.905 249
  352.089 100 999
  353.092 27.4262 274
  353.658 0.1941 2
  354.091 6.4613 65
  355.092 0.9936 10
//
