ACCESSION: MSBNK-MSSJ-MSJ04237
RECORD_TITLE: Octadecyl(phenylethynyl)silane; GC-EI-TOF; MS; POSITIVE; 70 V
DATE: 2025.09.01
AUTHORS: Eiyu Imai and Takemichi Nakamura, Molecular Structure Characterization Unit, RIKEN, Japan
LICENSE: CC BY
COPYRIGHT: Eiyu Imai, Molecular Structure Characterization Unit, RIKEN, Japan
PUBLICATION: Yuanhong Ma, et al., B(C6F5)3/Amine-Catalyzed C(sp)-H Silylation of Terminal Alkynes with Hydrosilanes: Experimental and Theoretical Studies.  Angew. Chem. Int. Ed. 2018, 57, 15222-15226. DOI: 10.1002/anie.201809533.
COMMENT: The compound analyzed, CH$NAME, is identical to the substance "3f" in Table 2 of the PUBLICATION.
COMMENT: Original ID of the mass spectral data is A_20180123_ma4MB/MYH-1715.
COMMENT: JMS-T100GCV (JEOL, Akishima, Japan) is a reflectron time-of-flight (reTOF) mass spectrometer. Resolving power (FWHM, nominal) was 7000.
COMMENT: Typical accuracy level of the m/z value expected was 5 ppm. Postrun m/z was adjusted with the known mass 384.3212.
COMMENT: EI voltage was 70 V. Temperature of the ion-source and GC-transfer line were 200 C and 250 C, respectively. 
CH$NAME: Octadecyl(phenylethynyl)silane
CH$COMPOUND_CLASS: Non-natural compound
CH$FORMULA: C26H44Si
CH$EXACT_MASS: 384.321227
CH$SMILES: CCCCCCCCCCCCCCCCCC[SiH2]C#Cc1ccccc1
CH$IUPAC: InChI=1S/C26H44Si/c1-2-3-4-5-6-7-8-9-10-11-12-13-14-15-16-20-24-27-25-23-26-21-18-17-19-22-26/h17-19,21-22H,2-16,20,24,27H2,1H3
CH$LINK: INCHIKEY GWEZFGYYZTTZPZ-UHFFFAOYSA-N
CH$LINK: ChemOnt CHEMONTID:0002279; Organic compounds; Benzenoids; Benzene and substituted derivatives
AC$INSTRUMENT: JMS-T100GCV (JEOL, Akishima, Japan) coupled to Agilent 7890A (Santa Clara, CA, USA) gas chromatograph.
AC$INSTRUMENT_TYPE: GC-EI-TOF
AC$MASS_SPECTROMETRY: MS_TYPE MS
AC$MASS_SPECTROMETRY: ION_MODE POSITIVE
AC$MASS_SPECTROMETRY: IONIZATION EI
AC$CHROMATOGRAPHY: CARRIER_GAS He, flow rate 1.5 ml/min
AC$CHROMATOGRAPHY: COLUMN_NAME HP-5 19091J-413 USD364547H (Agilent, Wilmington, USA) with the length 30.0 m, I.D. 0.32 mm, and thickness 0.25 micrometer.
AC$CHROMATOGRAPHY: COLUMN_TEMPERATURE Initial oven temperature at 70 C for 4 min and ramped at the rate of 30 C/min to 320 C and held at the final temperature for 11.67 min.
AC$CHROMATOGRAPHY: INJECTION_TEMPERATURE 250 C
AC$CHROMATOGRAPHY: RETENTION_TIME 12.68 min
PK$SPLASH: splash10-01q9-3900000000-795490535eadf0619a66
PK$NUM_PEAK: 259
PK$PEAK: m/z int. rel.int.
  27.023 1.7097 17
  28.006 3.2762 33
  28.030 0.4423 4
  29.039 7.6793 77
  29.077 0.1624 2
  31.990 1.5074 15
  39.023 1.2419 12
  40.029 0.2259 2
  41.039 16.9358 169
  41.098 0.5979 6
  42.046 3.0321 30
  43.000 2.7079 27
  43.055 35.3801 353
  43.108 0.901 9
  44.006 0.5346 5
  44.058 1.2753 13
  45.016 1.1507 11
  50.015 0.4363 4
  51.023 0.581 6
  52.985 3.649 36
  53.039 0.7764 8
  53.989 0.645 6
  54.047 1.3556 14
  55.000 1.4324 14
  55.055 12.9341 129
  55.126 0.3 3
  56.008 0.6784 7
  56.062 2.8753 29
  57.016 2.6818 27
  57.070 17.1576 171
  58.023 0.8132 8
  58.074 0.8716 9
  59.032 3.6098 36
  60.032 0.349 3
  65.039 0.3055 3
  67.000 0.463 5
  67.055 3.0856 31
  68.062 1.0152 10
  69.016 0.9078 9
  69.070 5.4457 54
  70.024 2.0043 20
  70.078 1.3613 14
  71.032 7.925 79
  71.086 4.5381 45
  71.147 0.3723 4
  72.036 1.1959 12
  72.089 0.3948 4
  73.047 1.4185 14
  74.016 0.2455 2
  76.031 0.644 6
  76.985 0.7273 7
  77.039 0.5882 6
  77.991 0.4169 4
  78.046 0.5539 6
  79.000 1.1968 12
  79.055 0.9151 9
  80.007 0.3305 3
  80.062 0.5504 5
  81.016 0.9487 9
  81.070 2.3264 23
  82.024 3.2841 33
  82.077 1.1187 11
  83.031 9.9641 100
  83.086 3.1727 32
  84.039 7.6761 77
  84.091 0.8653 9
  85.047 15.5458 155
  85.102 2.2197 22
  86.049 1.8313 18
  87.044 0.8124 8
  91.055 1.97 20
  93.017 0.4692 5
  93.070 0.4703 5
  95.032 3.1743 32
  95.086 1.523 15
  96.039 5.936 59
  96.093 0.8401 8
  97.047 20.6259 206
  97.101 2.2863 23
  97.202 0.5359 5
  98.054 12.5046 125
  98.106 0.5442 5
  99.063 24.3205 243
  100.064 2.9039 29
  101.060 1.2265 12
  102.047 7.9087 79
  103.001 2.1914 22
  103.052 1.1142 11
  104.007 1.269 13
  104.062 5.9337 59
  105.016 29.2979 293
  105.068 2.356 24
  105.155 0.5338 5
  106.020 6.1036 61
  107.031 7.0913 71
  107.088 0.5567 6
  108.033 1.0918 11
  109.047 1.8636 19
  109.102 0.7148 7
  110.055 1.3679 14
  111.063 9.4112 94
  111.118 0.3909 4
  112.070 14.5662 146
  113.078 19.1143 191
  113.200 0.2063 2
  114.078 2.5938 26
  115.056 1.6688 17
  116.062 0.4113 4
  117.017 0.4077 4
  117.070 0.7095 7
  118.023 0.7947 8
  118.077 1.4395 14
  119.031 1.6304 16
  120.040 0.8482 8
  121.047 3.6566 37
  122.050 0.7077 7
  123.062 0.9423 9
  124.070 0.7701 8
  125.078 10.0799 101
  126.085 3.7064 37
  127.093 2.7155 27
  128.062 1.5009 15
  129.016 12.2568 122
  129.071 2.5933 26
  130.023 15.2018 152
  130.076 1.333 13
  130.298 0.353 4
  131.031 86.4981 864
  131.310 0.2061 2
  131.503 0.1586 2
  131.552 0.2348 2
  131.596 0.2011 2
  131.655 0.116 1
  132.038 38.5086 385
  132.513 0.1439 1
  133.046 33.8094 338
  133.249 0.2138 2
  134.054 16.1738 162
  135.061 7.5889 76
  136.061 1.3751 14
  137.077 0.9716 10
  138.087 0.7475 7
  139.094 9.6425 96
  140.098 2.1144 21
  141.106 1.8091 18
  142.080 0.6342 6
  143.032 2.381 24
  143.086 1.0131 10
  144.039 1.2649 13
  144.094 0.3624 4
  145.047 17.4594 174
  146.054 15.0236 150
  147.061 6.2007 62
  148.064 1.5637 16
  149.075 0.6071 6
  151.095 0.3965 4
  152.102 0.9065 9
  153.110 9.2241 92
  154.113 1.9189 19
  155.119 1.1645 12
  157.047 2.5961 26
  157.103 0.3716 4
  158.054 1.932 19
  159.063 19.2602 192
  160.071 100 999
  160.315 0.5799 6
  160.634 0.9789 10
  160.693 0.5964 6
  161.073 18.1868 182
  161.621 0.4594 5
  161.648 0.1564 2
  162.070 5.2591 53
  163.075 0.4024 4
  165.109 0.5107 5
  166.117 0.8369 8
  167.125 7.7165 77
  168.128 1.4016 14
  169.048 0.5621 6
  169.136 0.9512 10
  171.063 2.3198 23
  172.070 1.0935 11
  173.078 11.3016 113
  174.086 49.1893 491
  175.089 9.2441 92
  175.290 0.2653 3
  176.086 2.5111 25
  177.090 0.3733 4
  180.130 0.3482 3
  181.141 4.0048 40
  182.145 0.8391 8
  183.063 0.835 8
  183.155 0.8188 8
  185.078 1.0555 11
  186.081 0.4733 5
  187.094 4.2717 43
  188.101 6.1052 61
  189.104 1.7801 18
  190.102 0.8087 8
  195.157 1.8156 18
  196.160 0.4827 5
  197.169 0.5474 5
  199.095 0.4873 5
  201.110 4.8377 48
  202.116 2.2066 22
  203.118 0.8299 8
  207.033 1.2046 12
  208.036 0.3808 4
  209.172 1.3428 13
  210.178 0.4817 5
  211.187 0.6475 6
  215.125 1.508 15
  216.130 0.6713 7
  217.137 0.3452 3
  223.187 1.1214 11
  224.191 0.4537 5
  225.202 0.4062 4
  229.138 0.3951 4
  230.144 0.4512 5
  237.204 1.1004 11
  238.209 0.4976 5
  239.218 0.5346 5
  243.152 0.4835 5
  244.161 0.2936 3
  251.220 1.1887 12
  252.226 0.776 8
  253.233 0.432 4
  257.175 0.2968 3
  258.178 0.6671 7
  265.233 0.6316 6
  271.188 0.2555 3
  272.195 0.9118 9
  273.200 0.4328 4
  279.249 1.4226 14
  280.257 2.5056 25
  281.051 0.4056 4
  281.263 1.2143 12
  282.273 1.3604 14
  285.204 0.5013 5
  286.210 1.1679 12
  287.216 0.6192 6
  293.263 0.2919 3
  299.225 0.6485 6
  300.226 1.5734 16
  301.227 0.7352 7
  313.234 0.7598 8
  314.242 1.4904 15
  315.243 0.5531 6
  325.288 0.2908 3
  327.254 0.5257 5
  328.257 1.5175 15
  329.259 0.4399 4
  341.269 0.6142 6
  342.272 1.1195 11
  343.280 0.6583 7
  355.283 0.9002 9
  356.288 0.8196 8
  384.321 7.18 72
  385.323 2.4489 24
  386.324 1.0143 10
//
