ACCESSION: MSBNK-MSSJ-MSJ04300
RECORD_TITLE: 1-(2-Allyl-5-fluorophenyl)prop-2-en-1-ol; GC-EI-TOF; MS; POSITIVE; 70 V
DATE: 2025.09.01
AUTHORS: Eiyu Imai and Takemichi Nakamura, Molecular Structure Characterization Unit, RIKEN, Japan
LICENSE: CC BY
COPYRIGHT: Eiyu Imaia, Molecular Structure Characterization Unit, RIKEN, Japan
PUBLICATION: I. Nasibullin, H. Yoshioka, A. Mukaimine, A. Nakamura, Y. Kusakari, T.-C. Chang and K. Tanaka, Catalytic olefin metathesis in blood, Chem. Sci., 2023, 14, 11033–11039. DOI: 10.1039/d3sc03785a.
COMMENT: The compound analyzed, CH$NAME, is identical to the product of (B) R1=H "29" in Fig 3 of PUBLICATION.
COMMENT: Original ID of the mass spectral data is A_20221031_mukaimine4MB/2211_IN-1.
COMMENT: JMS-T100GCV (JEOL, Akishima, Japan) is a reflectron time-of-flight (reTOF) mass spectrometer. Resolving power (FWHM, nominal) was 7000.
COMMENT: Typical accuracy level of the m/z value expected was 5 ppm. Postrun m/z was adjusted with the known mass 174.0845.
COMMENT: EI voltage was 70 V. Temperature of the ion-source and GC-transfer line were 200 C and 250 C, respectively.
CH$NAME: 1-(2-Allyl-5-fluorophenyl)prop-2-en-1-ol
CH$COMPOUND_CLASS: Non-natural compound
CH$FORMULA: C12H13FO
CH$EXACT_MASS: 192.095043
CH$SMILES: Fc1cc(c(CC=C)cc1)C(O)C=C
CH$IUPAC: InChI=1S/C12H13FO/c1-3-5-9-6-7-10(13)8-11(9)12(14)4-2/h3-4,6-8,12,14H,1-2,5H2
CH$LINK: INCHIKEY WECLURMVLFMSBK-UHFFFAOYSA-N
CH$LINK: ChemOnt CHEMONTID:0000035; Organic compounds; Benzenoids; Benzene and substituted derivatives; Halobenzenes
AC$INSTRUMENT: JMS-T100GCV (JEOL, Akishima, Japan) coupled to Agilent 7890A (Santa Clara, CA, USA) gas chromatograph.
AC$INSTRUMENT_TYPE: GC-EI-TOF
AC$MASS_SPECTROMETRY: MS_TYPE MS
AC$MASS_SPECTROMETRY: ION_MODE POSITIVE
AC$MASS_SPECTROMETRY: IONIZATION EI
AC$CHROMATOGRAPHY: CARRIER_GAS He, flow rate 1.0/min
AC$CHROMATOGRAPHY: COLUMN_NAME DB-5MS UI 122-5532UI US0462866H (Agilent, Wilmington, USA) with the length 30.0 m, I.D. 0.25 mm, and thickness 0.25 micrometer.
AC$CHROMATOGRAPHY: COLUMN_TEMPERATURE Initial oven temperature at 70 C for 4 min and ramped at the rate of 30 C/min to 325 C and held at the final temperature for 1.5 min.
AC$CHROMATOGRAPHY: INJECTION_TEMPERATURE 250 C
AC$CHROMATOGRAPHY: RETENTION_TIME 8.65 min
PK$SPLASH: splash10-052b-2900000000-c2655c4d3abc74ac641c
PK$NUM_PEAK: 259
PK$PEAK: m/z int. rel.int.
  26.016 1.1284 11
  27.024 14.4237 144
  28.006 0.9065 9
  28.031 1.3771 14
  29.003 4.0972 41
  29.039 4.8113 48
  29.074 0.1173 1
  30.010 0.1665 2
  30.044 0.1158 1
  30.999 0.4293 4
  31.019 3.8875 39
  31.064 0.0892 1
  31.990 0.5087 5
  33.014 0.3721 4
  37.009 0.1257 1
  38.016 0.7796 8
  39.024 14.2847 143
  39.311 0.0857 1
  40.030 0.8565 9
  41.039 13.2106 132
  41.355 0.0939 1
  42.043 0.4877 5
  43.019 5.3123 53
  43.054 0.2020 2
  44.024 0.2847 3
  45.016 0.2427 2
  45.034 0.4709 5
  46.021 0.1004 1
  47.030 0.1142 1
  50.016 2.5627 26
  51.024 6.5784 66
  52.031 1.0821 11
  53.004 0.6496 6
  53.039 1.4220 14
  54.017 0.1577 2
  54.046 0.2277 2
  55.019 15.8905 159
  55.055 0.6596 7
  55.325 0.0677 1
  55.349 0.0799 1
  55.385 0.1058 1
  56.023 0.7771 8
  57.014 6.7060 67
  57.034 8.2361 82
  57.528 0.1637 2
  58.026 0.3667 4
  59.030 1.6910 17
  60.019 0.6404 6
  60.524 0.0993 1
  61.009 0.2779 3
  62.016 2.0596 21
  63.024 7.3179 73
  63.527 0.2614 3
  64.030 1.0739 11
  65.039 2.1995 22
  66.016 0.1721 2
  66.045 0.2913 3
  66.523 0.9450 9
  67.025 0.5234 5
  67.055 0.2887 3
  68.009 0.6594 7
  69.016 1.2996 13
  69.527 0.1906 2
  70.022 1.8398 18
  71.029 0.4400 4
  72.021 0.3415 3
  72.522 0.2415 2
  73.027 1.6880 17
  73.529 0.3279 3
  74.016 2.0806 21
  74.520 0.2525 3
  75.024 7.2214 72
  75.529 0.1476 1
  76.030 1.7249 17
  76.534 0.1086 1
  77.039 4.4319 44
  78.046 1.1186 11
  78.523 0.1658 2
  79.025 0.1560 2
  79.054 0.3501 3
  79.530 1.2321 12
  80.009 0.3870 4
  81.015 3.9407 39
  81.527 0.1623 2
  82.022 1.0583 11
  83.030 11.9801 120
  84.034 0.8285 8
  84.522 0.1175 1
  85.027 0.9684 10
  85.529 0.3088 3
  86.017 0.7974 8
  87.024 1.5707 16
  87.528 0.4115 4
  88.031 0.7934 8
  88.535 0.1109 1
  89.039 3.0361 30
  90.045 0.3564 4
  91.055 1.7588 18
  92.006 0.2030 2
  92.059 0.1911 2
  93.014 0.6654 7
  94.022 1.9902 20
  95.030 5.5598 56
  96.038 4.2521 42
  97.045 1.7212 17
  98.016 0.3971 4
  98.049 0.1553 2
  99.024 1.1762 12
  100.031 0.5510 6
  101.039 7.2469 72
  102.046 1.7532 18
  103.055 2.9056 29
  104.010 0.1081 1
  104.060 0.3244 3
  105.015 0.7301 7
  105.069 0.1044 1
  106.023 0.7208 7
  107.030 9.4504 94
  107.165 0.1070 1
  108.037 4.4410 44
  109.045 39.8447 398
  109.254 0.1418 1
  109.479 0.1394 1
  109.566 0.1359 1
  110.049 3.1368 31
  110.217 0.0850 1
  110.272 0.1002 1
  110.330 0.0881 1
  111.022 0.1747 2
  111.057 0.2310 2
  112.033 0.0906 1
  113.040 0.7166 7
  114.046 0.4898 5
  115.055 18.7870 188
  115.503 0.0867 1
  116.060 2.5302 25
  117.070 0.9032 9
  118.024 0.1845 2
  118.076 0.1222 1
  119.030 0.3078 3
  120.038 4.3039 43
  121.045 4.3145 43
  121.113 0.0923 1
  121.154 0.0808 1
  122.053 2.5765 26
  123.025 1.8027 18
  123.061 1.8377 18
  123.151 0.0817 1
  124.028 0.1941 2
  124.064 0.1689 2
  125.039 2.7925 28
  125.107 0.0944 1
  126.047 1.4100 14
  127.055 10.8847 109
  128.062 3.7845 38
  129.069 1.2363 12
  130.042 0.1357 1
  130.073 0.1862 2
  130.180 0.0897 1
  130.218 0.0853 1
  130.267 0.0673 1
  130.304 0.0661 1
  131.032 1.0426 10
  132.038 0.9537 10
  133.046 62.5491 625
  133.459 0.1469 1
  133.612 0.1906 2
  134.051 12.7726 128
  134.483 0.1126 1
  134.828 0.0754 1
  134.879 0.0836 1
  134.916 0.0874 1
  135.061 19.8465 198
  136.066 2.8318 28
  136.140 0.1177 1
  137.041 4.3266 43
  138.046 0.8502 8
  139.055 0.9315 9
  140.062 0.1441 1
  141.070 0.9906 10
  142.075 0.1843 2
  143.050 0.2034 2
  143.082 0.1371 1
  144.039 0.8990 9
  144.115 0.0719 1
  145.046 11.8627 119
  145.609 0.0668 1
  146.053 100 999
  146.485 0.2371 2
  146.652 0.3008 3
  147.060 51.8807 518
  147.377 0.0965 1
  147.564 0.2772 3
  148.067 12.1600 121
  148.485 0.1443 1
  148.567 0.1315 1
  148.912 0.1060 1
  148.946 0.0890 1
  149.041 14.9911 150
  149.445 0.0839 1
  149.488 0.0867 1
  149.570 0.0647 1
  150.047 6.0704 61
  150.220 0.0789 1
  150.636 0.0839 1
  151.055 3.4897 35
  152.062 3.6920 37
  152.197 0.1478 1
  153.070 4.8461 48
  154.077 1.6593 17
  155.085 0.7044 7
  156.038 0.1070 1
  156.088 0.1352 1
  156.213 0.0684 1
  157.047 1.3129 13
  158.052 0.3431 3
  159.061 63.3773 633
  159.614 0.2116 2
  160.065 8.5320 85
  160.604 0.1572 2
  161.075 2.6793 27
  161.490 0.0876 1
  161.590 0.1112 1
  162.048 4.3696 44
  163.056 19.1735 192
  163.307 0.1091 1
  163.610 0.0918 1
  163.717 0.0918 1
  164.063 7.2343 72
  165.071 4.8988 49
  166.075 0.4975 5
  168.036 0.1334 1
  169.046 0.3999 4
  170.054 2.0708 21
  171.061 2.7689 28
  172.068 1.0908 11
  173.077 16.8652 168
  173.340 0.0673 1
  173.631 0.0834 1
  173.685 0.0757 1
  173.734 0.0990 1
  174.084 38.2826 382
  174.559 0.1329 1
  174.639 0.1612 2
  174.834 0.0649 1
  175.088 5.0637 51
  175.537 0.0817 1
  175.580 0.1035 1
  175.702 0.1151 1
  175.744 0.0792 1
  176.077 0.4949 5
  177.072 5.8207 58
  177.647 0.0780 1
  178.076 0.7507 7
  189.071 0.1100 1
  190.082 0.1067 1
  191.087 0.5825 6
  192.095 1.0223 10
  193.097 0.1266 1
//
