ACCESSION: MSBNK-MSSJ-MSJ04204
RECORD_TITLE: ((4-Bromophenyl)ethynyl)diphenylsilane; GC-EI-TOF; MS; POSITIVE; 70 V
DATE: 2025.09.01
AUTHORS: Eiyu Imai and Takemichi Nakamura, Molecular Structure Characterization Unit, RIKEN, Japan
LICENSE: CC BY
COPYRIGHT: Eiyu Imai, Molecular Structure Characterization Unit, RIKEN, Japan
PUBLICATION: Yuanhong Ma, et al., B(C6F5)3/Amine-Catalyzed C(sp)−H Silylation of Terminal Alkynes with Hydrosilanes: Experimental and Theoretical Studies. Angew. Chem. Int. Ed. 2018, 57, 15222 –15226. DOI: 10.1002/anie.201809533.
COMMENT: The compound analyzed, CH$NAME, is identical to the substance "4i" in Table 3. of the PUBLICATION.
COMMENT: Original ID of the mass spectral data is A_20170819_ma4MB/MYH-1341.
COMMENT: JMS-T100GCV (JEOL, Akishima, Japan) is a reflectron time-of-flight (reTOF) mass spectrometer. Resolving power (FWHM, nominal) was 7000.
COMMENT: Typical accuracy level of the m/z value expected was 5 ppm. Postrun m/z was adjusted with the known mass 362.0126.
COMMENT: EI voltage was 70 V. Temperature of the ion-source and GC-transfer line were 200 C and 250 C, respectively. 
CH$NAME: ((4-Bromophenyl)ethynyl)diphenylsilane
CH$COMPOUND_CLASS: Non-natural compound
CH$FORMULA: C20H15BrSi
CH$EXACT_MASS: 362.012640
CH$SMILES: Brc1ccc(C#C[SiH](c2ccccc2)c2ccccc2)cc1
CH$IUPAC: InChI=1S/C20H15BrSi/c21-18-13-11-17(12-14-18)15-16-22(19-7-3-1-4-8-19)20-9-5-2-6-10-20/h1-14,22H
CH$LINK: INCHIKEY OYIKMJYUFCJOAW-UHFFFAOYSA-N
CH$LINK: ChemOnt CHEMONTID:0000035; Organic compounds; Benzenoids; Benzene and substituted derivatives; Halobenzenes
AC$INSTRUMENT: JMS-T100GCV (JEOL, Akishima, Japan) coupled to Agilent 7890A (Santa Clara, CA, USA) gas chromatograph.
AC$INSTRUMENT_TYPE: GC-EI-TOF
AC$MASS_SPECTROMETRY: MS_TYPE MS
AC$MASS_SPECTROMETRY: ION_MODE POSITIVE
AC$MASS_SPECTROMETRY: IONIZATION EI
AC$CHROMATOGRAPHY: CARRIER_GAS He, flow rate 1.5 ml/min
AC$CHROMATOGRAPHY: COLUMN_NAME HP-5 19091J-413 USD364547H (Agilent, Wilmington, USA) with the length 30.0 m, I.D. 0.32 mm, and thickness 0.25 micrometer.
AC$CHROMATOGRAPHY: COLUMN_TEMPERATURE Initial oven temperature at 70 C for 4 min and ramped at the rate of 30 C/min to 320 C and held at the final temperature for 7.67 min.
AC$CHROMATOGRAPHY: INJECTION_TEMPERATURE 250 C
AC$CHROMATOGRAPHY: RETENTION_TIME 12.27 min
PK$SPLASH: splash10-08gi-2974000000-abada02b5236d54e9801
PK$NUM_PEAK: 262
PK$PEAK: m/z int. rel.int.
  27.024 1.4116 14
  27.977 1.1647 12
  28.006 2.0368 20
  28.985 1.0193 10
  31.990 1.197 12
  38.016 0.3667 4
  39.024 2.8934 29
  50.016 4.7707 48
  51.024 15.8116 158
  52.031 3.1761 32
  52.985 30.249 302
  53.039 0.6239 6
  53.988 2.5695 26
  54.982 0.9912 10
  55.000 0.9819 10
  62.016 0.5112 5
  63.024 1.7868 18
  64.985 0.3512 4
  65.039 0.3396 3
  65.993 1.5638 16
  67.000 0.919 9
  74.017 2.3579 24
  75.024 5.4124 54
  76.032 2.8774 29
  76.985 11.981 120
  77.040 8.3496 83
  77.992 4.8691 49
  78.048 14.9662 150
  79.001 13.9651 140
  79.052 1.1374 11
  80.004 1.6865 17
  80.999 0.4771 5
  86.016 0.3505 4
  87.024 0.7819 8
  88.032 0.5546 6
  88.986 0.5005 5
  89.040 0.7588 8
  89.993 0.9833 10
  91.000 0.4806 5
  91.055 0.2794 3
  92.008 0.2372 2
  93.016 0.3631 4
  98.016 0.7606 8
  99.024 0.9265 9
  100.032 0.5085 5
  100.985 4.4901 45
  101.040 6.658 67
  101.121 0.1448 1
  101.993 6.2727 63
  102.047 2.4831 25
  102.523 0.316 3
  103.001 23.5298 235
  103.276 0.1901 2
  104.007 6.0177 60
  105.017 100 999
  105.524 0.263 3
  105.863 0.1882 2
  106.019 12.411 124
  106.232 0.1756 2
  106.286 0.1286 1
  106.896 15.2495 152
  107.014 3.6765 37
  107.091 0.1328 1
  107.900 1.2667 13
  108.019 0.3489 3
  108.894 15.5122 155
  109.030 0.1173 1
  109.898 1.2547 13
  110.892 0.4486 4
  111.025 0.2686 3
  113.041 0.6831 7
  113.993 0.2837 3
  114.047 0.3358 3
  114.525 0.2262 2
  115.056 1.2375 12
  116.009 0.2877 3
  117.017 0.5429 5
  123.024 0.2405 2
  124.026 0.1638 2
  124.986 0.9426 9
  125.040 0.7978 8
  125.992 0.3658 4
  126.048 2.9631 30
  126.524 0.3026 3
  127.001 2.4436 24
  127.055 2.4187 24
  127.531 0.5098 5
  128.009 19.8657 198
  128.538 0.3846 4
  129.016 35.1016 351
  130.019 5.7807 58
  131.019 1.4278 14
  132.023 0.1729 2
  137.040 0.5306 5
  138.047 0.3774 4
  139.055 1.0501 10
  139.531 0.9852 10
  140.035 2.6338 26
  140.539 2.2872 23
  141.043 5.3274 53
  141.546 2.5404 25
  141.983 0.1766 2
  142.041 0.7023 7
  143.030 0.2726 3
  149.040 0.4856 5
  150.048 3.8053 38
  151.056 6.5562 65
  152.009 0.6576 7
  152.063 7.0978 71
  153.017 6.9431 69
  153.070 2.397 24
  154.023 2.7019 27
  154.078 1.9292 19
  155.032 10.2011 102
  156.035 1.6548 17
  156.912 0.1714 2
  157.033 0.4641 5
  158.912 0.1555 2
  163.056 0.4409 4
  164.062 0.2405 2
  165.018 0.3857 4
  165.071 1.0228 10
  166.024 0.3962 4
  167.032 0.3507 4
  174.048 0.8367 8
  175.056 1.3475 13
  176.064 12.2615 122
  176.253 0.1255 1
  177.017 4.002 40
  177.070 3.6047 36
  178.024 2.8197 28
  178.079 43.3174 433
  178.692 0.1524 2
  179.033 20.902 209
  179.671 0.1541 2
  179.959 2.104 21
  180.040 28.0152 280
  180.502 0.5273 5
  180.670 0.1549 2
  180.911 0.1727 2
  181.048 86.1449 861
  181.503 0.5884 6
  181.679 0.3673 4
  181.957 2.0085 20
  182.053 28.2335 282
  182.660 0.2604 3
  182.927 1.5076 15
  183.052 5.6165 56
  183.712 0.1884 2
  183.784 0.1237 1
  183.935 1.5293 15
  184.054 1.0177 10
  184.931 1.856 19
  185.057 0.1677 2
  185.934 1.6083 16
  186.941 0.9385 9
  187.055 0.2204 2
  189.072 0.4444 4
  191.032 0.3392 3
  192.038 0.22 2
  193.049 0.2631 3
  200.065 0.5007 5
  201.016 0.3158 3
  201.070 0.3224 3
  202.025 0.6886 7
  202.079 0.9093 9
  203.033 8.0394 80
  204.040 20.5941 206
  205.048 87.4954 874
  205.764 0.2645 3
  206.052 25.378 254
  206.928 14.1105 141
  207.062 25.7124 257
  207.745 0.1326 1
  207.931 2.2899 23
  208.065 4.9184 49
  208.202 0.1214 1
  208.926 14.4992 145
  209.062 1.2836 13
  209.137 0.1303 1
  209.929 2.2668 23
  210.064 0.169 2
  210.934 0.9498 9
  213.073 0.2904 3
  215.034 0.2097 2
  215.088 0.3205 3
  217.046 0.1934 2
  224.063 0.3466 3
  225.071 0.3059 3
  226.079 1.3111 13
  227.033 0.4711 5
  227.084 0.4856 5
  228.041 0.8212 8
  228.094 0.4835 5
  229.048 1.5531 16
  230.053 0.4093 4
  230.927 0.2401 2
  231.064 0.548 5
  232.937 0.3973 4
  234.942 0.2457 2
  239.088 1.0896 11
  240.095 0.5803 6
  241.049 0.2631 3
  250.080 1.4482 14
  251.085 0.6582 7
  252.095 7.4107 74
  253.102 4.6526 46
  254.111 5.9186 59
  255.064 2.4413 24
  255.991 3.5559 36
  256.994 0.5788 6
  257.080 1.7981 18
  257.989 3.6269 36
  258.081 0.4587 5
  258.960 1.5624 16
  259.956 0.7978 8
  260.971 4.7502 47
  261.972 0.9542 10
  262.972 3.8533 38
  263.975 0.6645 7
  267.063 0.1824 2
  268.071 0.1737 2
  277.048 0.5528 6
  278.057 2.274 23
  279.063 3.6885 37
  280.069 1.5068 15
  281.079 6.3567 64
  282.086 4.5682 46
  282.959 5.2166 52
  283.095 30.9402 309
  283.966 46.9923 469
  284.098 9.0453 90
  284.707 0.1218 1
  284.971 30.0379 300
  285.097 2.5832 26
  285.965 50.8053 508
  286.734 0.1375 1
  286.970 26.9822 270
  287.310 0.1518 2
  287.971 5.4006 54
  288.971 1.0764 11
  332.021 0.2539 3
  334.017 0.2573 3
  334.989 0.9178 9
  335.993 0.3114 3
  336.988 0.8615 9
  337.992 0.2854 3
  348.989 0.1702 2
  358.989 0.4016 4
  359.992 0.2219 2
  361.005 20.4665 204
  362.013 85.0725 850
  362.692 0.1779 2
  363.010 40.2655 402
  364.011 87.8268 877
  365.013 22.368 223
  365.499 0.1338 1
  365.674 0.2111 2
  366.012 5.1274 51
  366.275 0.1427 1
  366.370 0.1414 1
  367.012 0.7674 8
//
