ACCESSION: MSBNK-MSSJ-MSJ04190
RECORD_TITLE: (Phenanthren-9-ylethynyl)diphenyl-silane; GC-EI-TOF; MS; POSITIVE; 70 V
DATE: 2025.09.01
AUTHORS: Eiyu Imai and Takemichi Nakamura, Molecular Structure Characterization Unit, RIKEN, Japan
LICENSE: CC BY
COPYRIGHT: Eiyu Imai, Molecular Structure Characterization Unit, RIKEN, Japan
PUBLICATION: Yuanhong Ma, et al., B(C6F5)3/Amine-Catalyzed C(sp)−H Silylation of Terminal Alkynes with Hydrosilanes: Experimental and Theoretical Studies. Angew. Chem. Int. Ed. 2018, 57, 15222 –15226. DOI: 10.1002/anie.201809533.
COMMENT: The compound analyzed, CH$NAME, is identical to the substance "4q" in Table 3. of the PUBLICATION.
COMMENT: Original ID of the mass spectral data is A_20170804_ma4MB/MYH-1365
COMMENT: JMS-T100GCV (JEOL, Akishima, Japan) is a reflectron time-of-flight (reTOF) mass spectrometer. Resolving power (FWHM, nominal) was 7000.
COMMENT: Typical accuracy level of the m/z value expected was 5 ppm. Postrun m/z was adjusted with the known mass 384.1334.
COMMENT: EI voltage was 70 V. Temperature of the ion-source and GC-transfer line were 200 C and 250 C, respectively. 
CH$NAME: (Phenanthren-9-ylethynyl)diphenylsilane
CH$COMPOUND_CLASS: Non-natural compound
CH$FORMULA: C28H20Si
CH$EXACT_MASS: 384.133427
CH$SMILES: c1ccccc1[SiH](C#Cc1cc2ccccc2c2ccccc21)c1ccccc1
CH$IUPAC: InChI=1S/C28H20Si/c1-3-12-24(13-4-1)29(25-14-5-2-6-15-25)20-19-23-21-22-11-7-8-16-26(22)28-18-10-9-17-27(23)28/h1-18,21,29H
CH$LINK: INCHIKEY KFTSNKHENAESSM-UHFFFAOYSA-N
CH$LINK: ChemOnt CHEMONTID:0000025; Organic compounds; Benzenoids; Phenanthrenes and derivatives
AC$INSTRUMENT: JMS-T100GCV (JEOL, Akishima, Japan) coupled to Agilent 7890A (Santa Clara, CA, USA) gas chromatograph.
AC$INSTRUMENT_TYPE: GC-EI-TOF
AC$MASS_SPECTROMETRY: MS_TYPE MS
AC$MASS_SPECTROMETRY: ION_MODE POSITIVE
AC$MASS_SPECTROMETRY: IONIZATION EI
AC$CHROMATOGRAPHY: CARRIER_GAS He, flow rate 1.5 ml/min
AC$CHROMATOGRAPHY: COLUMN_NAME HP-5 19091J-413 USD364547H (Agilent, Wilmington, USA) with the length 30.0 m, I.D. 0.32 mm, and thickness 0.25 micrometer.
AC$CHROMATOGRAPHY: COLUMN_TEMPERATURE Initial oven temperature at 70 C for 4 min and ramped at the rate of 30 C/min to 320 C and held at the final temperature for 7.67 min.
AC$CHROMATOGRAPHY: INJECTION_TEMPERATURE 250 C
AC$CHROMATOGRAPHY: RETENTION_TIME 16.16 min
PK$SPLASH: splash10-0a59-1539000000-03f1b34740fc6bab4130
PK$NUM_PEAK: 255
PK$PEAK: m/z int. rel.int.
  27.023 0.3569 4
  27.978 1.0138 10
  28.006 9.9147 99
  28.049 0.1728 2
  28.986 0.9729 10
  31.990 3.6283 36
  39.024 0.7763 8
  39.963 0.2595 3
  43.991 0.2643 3
  50.017 0.7363 7
  51.025 3.6074 36
  52.032 1.0567 11
  52.985 8.1457 81
  53.038 0.2327 2
  53.987 0.6766 7
  55.002 0.4005 4
  63.026 0.383 4
  65.995 0.2629 3
  67.001 0.26 3
  73.047 0.2641 3
  75.024 0.4291 4
  76.033 0.5585 6
  76.986 1.5594 16
  77.041 3.213 32
  77.992 0.42 4
  78.049 9.3959 94
  79.001 4.9715 50
  79.053 0.8496 8
  80.005 0.5992 6
  80.998 0.1614 2
  87.025 0.198 2
  88.032 0.2198 2
  89.040 0.23 2
  91.031 0.1558 2
  91.056 0.3031 3
  99.025 0.1642 2
  100.031 0.2745 3
  100.985 0.3422 3
  101.040 0.3958 4
  102.049 0.4035 4
  103.002 4.6829 47
  103.057 0.1667 2
  104.008 1.5392 15
  105.017 45.0401 450
  105.462 0.1564 2
  105.525 0.1601 2
  106.020 5.9976 60
  107.016 1.5912 16
  108.018 0.2232 2
  113.044 0.1262 1
  113.516 0.2586 3
  114.524 0.8024 8
  115.056 0.4947 5
  125.038 0.1489 1
  126.048 0.4766 5
  126.524 0.5556 6
  127.027 0.3097 3
  128.063 0.4566 5
  129.018 5.8906 59
  130.021 1.0263 10
  131.027 0.4273 4
  132.024 0.1816 2
  133.021 0.2096 2
  138.049 0.5681 6
  138.525 0.4484 4
  139.028 0.8342 8
  139.532 1.0176 10
  140.035 1.2665 13
  140.536 0.3694 4
  141.022 0.198 2
  142.025 0.1676 2
  145.533 0.3703 4
  146.035 0.2012 2
  149.040 0.2523 3
  150.049 1.1407 11
  150.523 0.2221 2
  151.028 1.2974 13
  151.532 2.5913 26
  152.036 9.501 95
  152.539 9.9451 99
  152.727 0.1712 2
  153.043 16.4753 165
  153.545 4.7172 47
  154.042 1.3989 14
  154.546 0.2361 2
  155.033 3.8508 38
  156.036 0.6394 6
  157.031 0.2264 2
  162.050 0.2479 2
  163.056 0.5617 6
  163.532 0.1651 2
  164.048 0.2511 3
  165.072 0.975 10
  166.079 0.2695 3
  167.089 0.2691 3
  174.049 0.7463 7
  175.057 1.2045 12
  175.540 0.166 2
  176.065 3.0493 30
  176.539 0.4035 4
  177.019 2.102 21
  178.024 0.7511 8
  178.079 1.3596 14
  179.033 2.7605 28
  179.165 0.1371 1
  180.041 13.8386 138
  180.241 0.1242 1
  180.308 0.1428 1
  181.048 59.864 598
  181.715 0.2584 3
  182.053 19.65 196
  182.548 0.1869 2
  182.650 0.205 2
  182.737 0.2009 2
  183.052 4.0819 41
  183.669 0.1258 1
  184.053 0.8135 8
  187.056 0.3522 4
  188.035 0.2836 3
  188.540 0.4512 5
  189.043 0.7066 7
  189.547 0.9125 9
  190.051 0.7797 8
  190.555 0.5967 6
  191.058 0.7627 8
  191.563 2.4769 25
  192.067 6.1801 62
  192.568 2.1772 22
  193.068 0.5306 5
  198.049 0.3406 3
  199.056 0.8301 8
  200.065 6.7244 67
  200.196 0.2632 3
  201.072 5.9587 60
  201.206 0.3381 3
  202.025 1.4677 15
  202.080 15.8918 159
  203.033 4.9043 49
  203.084 3.1222 31
  204.040 4.2218 42
  205.048 4.4109 44
  206.055 4.3785 44
  207.060 2.4544 25
  208.062 0.4997 5
  209.046 0.1569 2
  211.057 0.1966 2
  212.066 0.1621 2
  213.073 0.5358 5
  215.033 0.203 2
  217.050 0.4959 5
  218.056 0.8796 9
  219.063 0.4557 5
  223.056 0.1614 2
  224.065 0.9504 9
  225.019 0.3047 3
  225.071 0.6367 6
  226.026 1.0824 11
  226.080 1.0274 10
  227.034 8.6273 86
  228.041 16.2776 163
  229.048 14.6814 147
  230.051 3.6853 37
  231.052 0.794 8
  237.073 0.6392 6
  238.077 0.2647 3
  239.086 0.5849 6
  241.046 0.2602 3
  248.066 0.5558 6
  249.072 0.4339 4
  250.081 2.2617 23
  251.085 0.7447 7
  252.096 4.0765 41
  253.048 1.4999 15
  253.101 1.5235 15
  254.053 0.608 6
  254.110 0.9336 9
  255.063 0.6725 7
  256.068 0.1832 2
  261.072 0.3047 3
  262.077 0.1353 1
  263.090 0.6864 7
  264.089 0.2305 2
  265.103 1.4979 15
  266.107 0.3042 3
  272.064 0.1987 2
  273.073 0.2202 2
  274.081 3.02 30
  274.209 0.1408 1
  275.086 1.5655 16
  275.236 0.1394 1
  276.096 18.2781 183
  277.102 9.2174 92
  278.110 12.8218 128
  279.064 5.758 58
  280.069 2.3391 23
  281.078 3.6814 37
  282.081 0.9525 10
  283.082 0.2731 3
  289.099 0.2016 2
  291.066 0.495 5
  292.066 0.2686 3
  293.085 0.2032 2
  300.041 0.3862 4
  301.050 1.0077 10
  302.057 6.2855 63
  303.064 9.7103 97
  303.328 0.3008 3
  304.072 21.2234 212
  304.337 0.4182 4
  305.080 75.8199 757
  305.706 0.1626 2
  306.087 78.1095 780
  306.849 0.1953 2
  307.093 54.0597 540
  307.434 0.307 3
  307.726 0.1514 2
  307.881 0.1467 1
  307.966 0.1855 2
  308.096 13.7939 138
  309.096 2.9208 29
  310.098 0.4239 4
  313.104 0.1769 2
  315.073 0.1578 2
  324.097 0.2588 3
  326.110 0.4139 4
  327.117 0.1873 2
  328.067 0.1669 2
  329.077 0.2298 2
  339.118 0.3304 3
  350.113 0.7872 8
  351.116 0.3958 4
  352.123 0.7438 7
  353.112 0.4225 4
  354.143 0.1866 2
  355.096 0.327 3
  356.094 0.1555 2
  357.113 0.6035 6
  358.119 0.2647 3
  369.112 0.628 6
  370.117 0.2046 2
  376.073 0.3111 3
  377.082 0.3283 3
  378.083 0.4777 5
  379.096 1.1657 12
  380.099 0.4852 5
  381.110 3.5983 36
  382.117 4.2438 42
  383.126 22.4395 224
  384.133 100 999
  385.137 34.0049 340
  385.794 0.2493 2
  386.137 8.2747 83
  387.138 1.5244 15
  387.302 0.1735 2
  388.147 0.1959 2
//
