ACCESSION: MSBNK-MSSJ-MSJ04219
RECORD_TITLE: 3beta-Ethynylcholestane; GC-EI-TOF; MS; POSITIVE; 70 V
DATE: 2025.09.01
AUTHORS: Eiyu Imai and Takemichi Nakamura, Molecular Structure Characterization Unit, RIKEN, Japan
LICENSE: CC BY
COPYRIGHT: Eiyu Imai, Molecular Structure Characterization Unit, RIKEN, Japan
PUBLICATION: Yuanhong Ma, et al., B(C6F5)3/Amine-Catalyzed C(sp)−H Silylation of Terminal Alkynes with Hydrosilanes: Experimental and Theoretical Studies. Angew. Chem. Int. Ed. 2018, 57, 15222 –15226. DOI: 10.1002/anie.201809533.
COMMENT: Original ID of the mass spectral data is A_20170927_ma4MB/MYH-1410.
COMMENT: JMS-T100GCV (JEOL, Akishima, Japan) is a reflectron time-of-flight (reTOF) mass spectrometer. Resolving power (FWHM, nominal) was 7000.
COMMENT: Typical accuracy level of the m/z value expected was 5 ppm. Postrun m/z was adjusted with the known mass 396.3756.
COMMENT: EI voltage was 70 V. Temperature of the ion-source and GC-transfer line were 200 C and 250 C, respectively. 
CH$NAME: 3beta-Ethynylcholestane
CH$NAME: (3R,5S,8R,9S,10S,13R,14S,17S)-3-Ethynyl-10,13-dimethyl-17-(6-methylheptan-2-yl)hexadecahydro-1H-cyclopenta[a]phenanthrene
CH$COMPOUND_CLASS: Non-natural compound
CH$FORMULA: C29H48
CH$EXACT_MASS: 396.375600
CH$SMILES: CC(C)CCC[C@@H](C)C1CC[C@H]2[C@@H]3CC[C@H]4C[C@H](C#C)CC[C@]4(C)[C@H]3CC[C@]12C
CH$IUPAC: 1S/C29H48/c1-7-22-15-17-28(5)23(19-22)11-12-24-26-14-13-25(21(4)10-8-9-20(2)3)29(26,6)18-16-27(24)28/h1,20-27H,8-19H2,2-6H3/t21?,22-,23+,24+,25?,26+,27+,28+,29-/m1/s1
CH$LINK: INCHIKEY IUJPRDMSNVSCPB-DAPIVRNJSA-N
AC$INSTRUMENT: JMS-T100GCV (JEOL, Akishima, Japan) coupled to Agilent 7890A (Santa Clara, CA, USA) gas chromatograph.
AC$INSTRUMENT_TYPE: GC-EI-TOF
AC$MASS_SPECTROMETRY: MS_TYPE MS
AC$MASS_SPECTROMETRY: ION_MODE POSITIVE
AC$MASS_SPECTROMETRY: IONIZATION EI
AC$CHROMATOGRAPHY: CARRIER_GAS He, flow rate 1.5 ml/min
AC$CHROMATOGRAPHY: COLUMN_NAME HP-5 19091J-413 USD364547H (Agilent, Wilmington, USA) with the length 30.0 m, I.D. 0.32 mm, and thickness 0.25 micrometer.
AC$CHROMATOGRAPHY: COLUMN_TEMPERATURE Initial oven temperature at 70 C for 4 min and ramped at the rate of 30 C/min to 320 C and held at the final temperature for 32.67 min.
AC$CHROMATOGRAPHY: INJECTION_TEMPERATURE 250 C
AC$CHROMATOGRAPHY: RETENTION_TIME 13.40 min
PK$SPLASH: splash10-0006-9753000000-77fd5cc703a29f1dde20
PK$NUM_PEAK: 214
PK$PEAK: m/z int. rel.int.
  27.024 2.418 24
  28.006 0.5518 6
  28.031 0.2359 2
  29.039 7.5366 75
  31.990 0.2977 3
  39.024 2.255 23
  40.031 0.6537 7
  41.040 28.4145 284
  42.047 2.9931 30
  43.055 52.8096 528
  43.345 0.135 1
  44.059 1.6555 17
  51.024 0.294 3
  52.032 0.4341 4
  53.040 4.7731 48
  54.047 1.424 14
  55.055 37.2644 372
  56.062 3.7687 38
  57.071 25.4274 254
  57.178 0.1376 1
  58.075 1.0978 11
  65.040 3.7655 38
  66.047 1.2234 12
  67.055 24.8296 248
  68.063 8.9286 89
  68.127 0.1264 1
  69.071 19.876 199
  70.077 2.1326 21
  71.087 10.2761 103
  71.156 0.1411 1
  72.090 0.5747 6
  77.040 9.328 93
  77.111 0.1286 1
  78.047 2.2599 23
  79.056 29.3537 293
  79.337 0.1297 1
  80.062 5.0963 51
  80.133 0.1217 1
  81.071 32.3363 323
  82.078 5.8232 58
  82.143 0.1333 1
  83.087 9.4125 94
  84.091 0.7996 8
  85.103 1.5407 15
  91.056 34.3528 343
  92.062 5.6549 56
  93.071 27.2853 273
  94.078 6.8251 68
  95.087 30.1217 301
  96.092 3.2861 33
  97.102 6.9731 70
  98.106 0.5544 6
  103.056 2.1151 21
  104.063 2.5284 25
  105.071 27.7571 277
  106.078 5.9223 59
  107.087 20.1703 202
  108.094 8.3792 84
  109.102 15.0467 150
  110.107 1.8855 19
  111.118 3.3385 33
  112.122 0.3206 3
  113.134 0.3776 4
  115.056 2.2063 22
  116.063 1.1394 11
  117.071 10.5936 106
  118.078 4.5037 45
  119.087 13.5882 136
  120.094 4.4643 45
  121.103 13.2318 132
  122.110 7.2096 72
  123.118 13.0899 131
  124.123 1.6438 16
  125.133 0.7854 8
  127.056 0.2604 3
  127.149 0.3114 3
  128.064 1.144 11
  129.072 3.3151 33
  130.078 1.7691 18
  131.087 12.192 122
  132.094 7.4298 74
  133.103 14.8219 148
  134.109 5.2852 53
  135.118 8.3481 83
  136.125 3.5899 36
  137.133 2.9102 29
  138.139 0.4384 4
  141.072 0.5698 6
  142.079 0.7266 7
  143.087 3.9324 39
  144.094 1.9605 20
  145.103 10.8209 108
  146.109 4.9475 49
  147.118 9.2438 92
  147.214 0.1569 2
  148.124 1.9878 20
  149.134 6.3385 63
  150.139 1.0929 11
  151.149 1.0552 11
  152.157 0.809 8
  153.164 0.2656 3
  155.088 0.5467 5
  156.095 0.4282 4
  157.103 3.6142 36
  158.109 1.5874 16
  159.118 8.1973 82
  159.221 0.1364 1
  160.125 2.4228 24
  161.134 4.2432 42
  162.140 1.1443 11
  163.149 3.1393 31
  164.153 0.4651 5
  165.165 0.7243 7
  169.103 0.4965 5
  170.110 0.3371 3
  171.119 6.2032 62
  172.126 4.6639 47
  173.134 36.9605 369
  173.714 0.1219 1
  174.140 12.2572 122
  175.148 4.7529 47
  176.154 0.8015 8
  177.165 0.9561 10
  179.180 0.3368 3
  183.119 0.4981 5
  184.125 0.2883 3
  185.134 5.8891 59
  186.141 3.883 39
  187.149 4.7006 47
  188.156 1.3954 14
  189.165 1.1313 11
  190.173 2.6614 27
  191.179 0.8149 8
  193.197 0.4327 4
  197.135 0.3935 4
  198.142 0.2857 3
  199.150 7.8222 78
  200.156 3.1684 32
  201.165 2.4462 24
  202.171 0.6478 6
  203.180 0.311 3
  204.188 0.4426 4
  205.196 0.2871 3
  207.034 0.2758 3
  207.212 0.3352 3
  208.220 0.8432 8
  211.150 0.353 4
  212.157 0.2393 2
  213.165 5.1374 51
  214.173 5.6411 56
  215.179 1.9425 19
  216.184 0.3033 3
  225.166 0.8535 9
  226.171 0.3901 4
  227.181 20.3969 204
  228.186 5.35 53
  229.193 1.0595 11
  229.375 0.1332 1
  239.182 0.2903 3
  240.189 1.407 14
  241.196 100 999
  241.965 0.2871 3
  242.203 66.1151 660
  242.995 0.2523 3
  243.208 14.5282 145
  244.213 1.7845 18
  245.223 0.2373 2
  247.243 0.5054 5
  253.197 0.2435 2
  255.212 1.3319 13
  256.220 9.5319 95
  257.225 2.4709 25
  258.229 0.3361 3
  261.260 0.4437 4
  262.267 5.2037 52
  263.271 1.381 14
  264.279 0.3155 3
  267.213 0.5259 5
  268.218 0.2384 2
  269.228 0.4146 4
  270.234 0.4289 4
  275.275 0.493 5
  276.281 0.4097 4
  281.228 0.3431 3
  282.236 0.6222 6
  283.243 1.5865 16
  284.247 0.3586 4
  289.291 0.3387 3
  297.258 0.3074 3
  311.275 0.8763 9
  312.279 0.2551 3
  325.292 0.2009 2
  329.320 0.3124 3
  339.306 2.3891 24
  340.310 0.7156 7
  341.319 0.3346 3
  353.322 0.2281 2
  354.329 0.6091 6
  355.333 0.232 2
  367.337 0.6984 7
  368.344 0.3295 3
  381.352 36.9619 369
  382.218 0.1186 1
  382.356 11.2973 113
  383.360 1.6801 17
  384.364 0.1989 2
  395.367 0.434 4
  396.376 76.4187 763
  397.379 24.1958 242
  398.059 0.1943 2
  398.238 0.1213 1
  398.382 3.6826 37
  398.829 0.118 1
  399.386 0.4088 4
//
