ACCESSION: MSBNK-MSSJ-MSJ04207
RECORD_TITLE: ((4-Chlorophenyl)ethynyl)diphenylsilane; GC-EI-TOF; MS; POSITIVE; 70 V
DATE: 2025.09.01
AUTHORS: Eiyu Imai and Takemichi Nakamura, Molecular Structure Characterization Unit, RIKEN, Japan
LICENSE: CC BY
COPYRIGHT: Eiyu Imai, Molecular Structure Characterization Unit, RIKEN, Japan
PUBLICATION: Yuanhong Ma, et al., B(C6F5)3/Amine-Catalyzed C(sp)−H Silylation of Terminal Alkynes with Hydrosilanes: Experimental and Theoretical Studies. Angew. Chem. Int. Ed. 2018, 57, 15222 –15226. DOI: 10.1002/anie.201809533.
COMMENT: The compound analyzed, CH$NAME, is identical to the substance "4h" in Table 3. of the PUBLICATION.
COMMENT: Original ID of the mass spectral data is A_20170819_ma4MB/MYH-1349
COMMENT: JMS-T100GCV (JEOL, Akishima, Japan) is a reflectron time-of-flight (reTOF) mass spectrometer. Resolving power (FWHM, nominal) was 7000.
COMMENT: Typical accuracy level of the m/z value expected was 5 ppm. Postrun m/z was adjusted with the known mass 318.0632.
COMMENT: EI voltage was 70 V. Temperature of the ion-source and GC-transfer line were 200 C and 250 C, respectively. 
CH$NAME: ((4-Chlorophenyl)ethynyl)diphenylsilane
CH$COMPOUND_CLASS: Non-natural compound
CH$FORMULA: C20H15ClSi
CH$EXACT_MASS: 318.063155
CH$SMILES: Clc1ccc(C#C[SiH](c2ccccc2)c2ccccc2)cc1
CH$IUPAC: InChI=1S/C20H15ClSi/c21-18-13-11-17(12-14-18)15-16-22(19-7-3-1-4-8-19)20-9-5-2-6-10-20/h1-14,22H
CH$LINK: INCHIKEY LNAKEOWEDYBOQX-UHFFFAOYSA-N
AC$INSTRUMENT: JMS-T100GCV (JEOL, Akishima, Japan) coupled to Agilent 7890A (Santa Clara, CA, USA) gas chromatograph.
AC$INSTRUMENT_TYPE: GC-EI-TOF
AC$MASS_SPECTROMETRY: MS_TYPE MS
AC$MASS_SPECTROMETRY: ION_MODE POSITIVE
AC$MASS_SPECTROMETRY: IONIZATION EI
AC$CHROMATOGRAPHY: CARRIER_GAS He, flow rate 1.5 ml/min
AC$CHROMATOGRAPHY: COLUMN_NAME HP-5 19091J-413 USD364547H (Agilent, Wilmington, USA) with the length 30.0 m, I.D. 0.32 mm, and thickness 0.25 micrometer.
AC$CHROMATOGRAPHY: COLUMN_TEMPERATURE Initial oven temperature at 70 C for 4 min and ramped at the rate of 30 C/min to 320 C and held at the final temperature for 7.67 min.
AC$CHROMATOGRAPHY: INJECTION_TEMPERATURE 250 C
AC$CHROMATOGRAPHY: RETENTION_TIME 11.96 min
PK$SPLASH: splash10-067l-3964000000-904a490a6057aacf1e15
PK$NUM_PEAK: 232
PK$PEAK: m/z int. rel.int.
  27.024 1.0251 10
  27.977 0.8205 8
  28.006 0.9787 10
  28.985 0.6578 7
  31.990 0.5782 6
  39.024 2.2759 23
  50.016 3.6239 36
  51.024 12.2668 123
  52.031 2.4154 24
  52.985 21.9065 219
  53.039 0.442 4
  53.988 1.7813 18
  54.982 0.7231 7
  55.000 0.8383 8
  62.016 0.3562 4
  62.946 44.4704 444
  63.023 1.73 17
  63.946 2.2978 23
  64.943 15.6982 157
  64.986 0.3328 3
  65.039 0.319 3
  65.943 0.7005 7
  65.993 1.0647 11
  66.940 0.4444 4
  67.000 0.6963 7
  74.017 1.7809 18
  75.024 3.5457 35
  76.032 1.7745 18
  76.985 7.326 73
  77.040 6.0586 61
  77.112 0.1282 1
  77.992 2.689 27
  78.048 12.9746 130
  79.001 11.5471 115
  79.052 0.9694 10
  80.004 1.3488 13
  80.999 0.4106 4
  86.016 0.2393 2
  87.024 0.6414 6
  88.032 0.2801 3
  88.985 0.2836 3
  89.040 0.5728 6
  89.993 0.5835 6
  91.000 0.3037 3
  91.056 0.2327 2
  93.017 0.3208 3
  98.017 0.5528 6
  99.024 0.731 7
  100.032 0.6714 7
  100.986 2.405 24
  101.040 2.7891 28
  101.993 1.9108 19
  102.047 1.5079 15
  103.001 13.4016 134
  103.275 0.1255 1
  104.007 4.4091 44
  105.017 76.5717 765
  105.523 0.2193 2
  105.872 0.1454 1
  106.019 9.7423 97
  106.106 0.135 1
  106.172 0.1217 1
  106.226 0.1189 1
  107.015 2.7643 28
  108.019 0.2338 2
  111.013 0.2358 2
  112.962 0.6136 6
  113.040 0.5545 6
  113.995 0.1731 2
  114.047 0.2551 3
  115.056 0.9004 9
  117.017 0.3269 3
  120.009 0.26 3
  124.986 0.5175 5
  125.040 0.6219 6
  126.048 2.2945 23
  127.001 1.5898 16
  127.055 1.9433 19
  127.556 0.2374 2
  128.009 4.1919 42
  128.062 0.8678 9
  129.017 22.7198 227
  130.021 4.7066 47
  131.021 1.0132 10
  136.010 3.4834 35
  136.963 1.661 17
  137.039 0.5097 5
  137.968 0.4698 5
  138.006 1.1696 12
  138.977 2.4649 25
  139.055 0.7845 8
  139.532 0.5065 5
  139.986 1.6789 17
  140.035 1.6734 17
  140.539 1.0776 11
  140.986 1.1689 12
  141.043 3.7692 38
  141.545 1.1082 11
  141.984 0.5969 6
  142.990 0.3447 3
  143.030 0.1661 2
  149.039 0.4583 5
  150.048 2.8393 28
  151.010 0.1367 1
  151.056 4.9444 49
  152.009 0.2535 3
  152.063 5.9137 59
  153.017 3.2292 32
  153.070 1.797 18
  154.023 1.4017 14
  154.079 1.4447 14
  155.033 8.6446 86
  156.035 1.3794 14
  157.034 0.3624 4
  158.025 0.1861 2
  158.527 0.4533 5
  159.030 0.3365 3
  159.528 0.2249 2
  160.012 0.382 4
  162.978 30.0994 301
  163.981 4.7037 47
  164.063 0.3063 3
  164.976 10.747 107
  165.072 0.8551 9
  165.979 1.6082 16
  166.076 0.1598 2
  166.982 0.5243 5
  173.019 0.1886 2
  174.049 0.7707 8
  175.056 1.1916 12
  176.064 11.7684 118
  177.018 1.6877 17
  177.069 3.6405 36
  178.024 1.1244 11
  178.079 32.3806 323
  178.664 0.1187 1
  179.033 6.2703 63
  179.082 5.3264 53
  180.040 21.7125 217
  181.048 69.5098 694
  181.669 0.2594 3
  182.053 23.5741 236
  182.672 0.2115 2
  183.052 4.6236 46
  183.684 0.1283 1
  184.053 0.8294 8
  186.026 0.2458 2
  186.978 0.6272 6
  187.055 0.2017 2
  188.051 0.1405 1
  188.992 0.7044 7
  189.072 0.3215 3
  190.001 0.1279 1
  190.992 0.2221 2
  199.035 0.1659 2
  200.064 0.4426 4
  201.070 0.2769 3
  202.024 0.3608 4
  202.079 0.5594 6
  203.033 3.057 31
  204.040 8.0548 80
  205.048 11.3348 113
  206.055 12.535 125
  206.252 0.1184 1
  207.063 18.7024 187
  208.065 3.6734 37
  209.063 0.8071 8
  212.041 5.6957 57
  212.994 0.7524 8
  213.046 1.0355 10
  214.037 1.9962 20
  215.009 3.6518 36
  216.011 1.1254 11
  217.019 2.3993 24
  218.020 0.5266 5
  219.022 0.6569 7
  224.064 0.3164 3
  225.070 0.2903 3
  226.080 0.9159 9
  227.029 0.261 3
  227.085 0.3182 3
  228.039 0.3258 3
  228.093 0.3269 3
  229.048 0.5333 5
  236.995 0.3176 3
  238.001 0.5342 5
  239.009 42.0252 420
  239.773 0.1807 2
  240.016 75.723 756
  240.757 0.2197 2
  241.019 44.4601 444
  241.803 0.1757 2
  242.015 30.4577 304
  243.020 12.7961 128
  244.021 2.4342 24
  245.020 0.4311 4
  250.080 1.4382 14
  251.085 0.5585 6
  252.095 4.2897 43
  252.225 0.138 1
  253.102 3.2681 33
  254.111 6.1048 61
  255.116 1.9541 20
  256.118 0.2608 3
  257.079 0.4943 5
  265.028 0.2365 2
  277.046 0.247 2
  278.056 0.7707 8
  279.063 1.1473 11
  280.069 0.4484 4
  281.080 2.9124 29
  282.086 1.6552 17
  283.095 3.8029 38
  284.098 1.0024 10
  285.096 0.2258 2
  288.070 0.4977 5
  289.026 0.3317 3
  290.052 0.1949 2
  291.040 1.4476 14
  292.043 0.5043 5
  293.038 0.5117 5
  303.040 0.3371 3
  315.040 0.8156 8
  316.045 0.3917 4
  317.056 28.0701 280
  318.063 100 999
  319.063 33.2142 332
  320.061 37.5883 376
  321.063 8.9092 89
  321.548 0.1226 1
  322.062 1.9625 20
  323.063 0.2793 3
//
