ACCESSION: MSBNK-MSSJ-MSJ04212
RECORD_TITLE: Diphenyl(o-tolylethynyl)silane; GC-EI-TOF; MS; POSITIVE; 70 V
DATE: 2025.09.01
AUTHORS: Eiyu Imai and Takemichi Nakamura, Molecular Structure Characterization Unit, RIKEN, Japan
LICENSE: CC BY
COPYRIGHT: Eiyu Imai, Molecular Structure Characterization Unit, RIKEN, Japan
PUBLICATION: Yuanhong Ma, et al., B(C6F5)3/Amine-Catalyzed C(sp)−H Silylation of Terminal Alkynes with Hydrosilanes: Experimental and Theoretical Studies. Angew. Chem. Int. Ed. 2018, 57, 15222 –15226. DOI: 10.1002/anie.201809533.
COMMENT: The compound analyzed, CH$NAME, is identical to the substance "4k" in Table 3. of the PUBLICATION.
COMMENT: Original ID of the mass spectral data is A_20170819_ma4MB/MYH-1357.
COMMENT: JMS-T100GCV (JEOL, Akishima, Japan) is a reflectron time-of-flight (reTOF) mass spectrometer. Resolving power (FWHM, nominal) was 7000.
COMMENT: Typical accuracy level of the m/z value expected was 5 ppm. Postrun m/z was adjusted with the known mass 298.1178.
COMMENT: EI voltage was 70 V. Temperature of the ion-source and GC-transfer line were 200 C and 250 C, respectively. 
CH$NAME: Diphenyl(o-tolylethynyl)silane
CH$COMPOUND_CLASS: Non-natural compound
CH$FORMULA: C21H18Si
CH$EXACT_MASS: 298.117777
CH$SMILES: Cc1ccccc1C#C[SiH](c1ccccc1)c1ccccc1
CH$IUPAC: InChI=1S/C21H18Si/c1-18-10-8-9-11-19(18)16-17-22(20-12-4-2-5-13-20)21-14-6-3-7-15-21/h2-15,22H,1H3
CH$LINK: INCHIKEY DZDAZWHFCQKUTN-UHFFFAOYSA-N
AC$INSTRUMENT: JMS-T100GCV (JEOL, Akishima, Japan) coupled to Agilent 7890A (Santa Clara, CA, USA) gas chromatograph.
AC$INSTRUMENT_TYPE: GC-EI-TOF
AC$MASS_SPECTROMETRY: MS_TYPE MS
AC$MASS_SPECTROMETRY: ION_MODE POSITIVE
AC$MASS_SPECTROMETRY: IONIZATION EI
AC$CHROMATOGRAPHY: CARRIER_GAS He, flow rate 1.5 ml/min
AC$CHROMATOGRAPHY: COLUMN_NAME HP-5 19091J-413 USD364547H (Agilent, Wilmington, USA) with the length 30.0 m, I.D. 0.32 mm, and thickness 0.25 micrometer.
AC$CHROMATOGRAPHY: COLUMN_TEMPERATURE Initial oven temperature at 70 C for 4 min and ramped at the rate of 30 C/min to 320 C and held at the final temperature for 11.67 min.
AC$CHROMATOGRAPHY: INJECTION_TEMPERATURE 250 C
AC$CHROMATOGRAPHY: RETENTION_TIME 11.62 min
PK$SPLASH: splash10-05us-2960000000-6780560b738fa2e77886
PK$NUM_PEAK: 244
PK$PEAK: m/z int. rel.int.
  27.024 1.0867 11
  27.977 0.8364 8
  28.006 20.8568 208
  28.049 0.2196 2
  28.985 1.0188 10
  31.989 5.1761 52
  39.024 3.9054 39
  39.962 0.3732 4
  40.030 0.2646 3
  41.039 0.412 4
  43.001 0.7421 7
  50.016 2.2864 23
  51.024 8.9471 89
  52.031 2.2316 22
  52.985 21.1722 212
  53.039 0.5915 6
  53.988 1.7425 17
  55.000 1.1476 11
  62.017 0.4317 4
  63.024 2.6767 27
  64.031 0.45 4
  64.985 0.3127 3
  65.040 2.8261 28
  65.993 2.0079 20
  66.044 0.2587 3
  67.000 3.5684 36
  68.002 0.3332 3
  71.013 0.2659 3
  74.016 0.6053 6
  75.024 0.9797 10
  76.032 1.2186 12
  76.985 5.4738 55
  77.040 5.226 52
  77.108 0.1223 1
  77.992 1.7809 18
  78.048 15.0542 150
  79.001 12.0221 120
  79.052 1.2835 13
  80.004 1.4147 14
  81.009 0.4709 5
  87.024 0.5074 5
  88.032 0.4378 4
  88.985 0.3982 4
  89.040 3.9545 40
  89.993 1.0536 11
  90.045 0.4318 4
  91.001 1.7426 17
  91.055 5.3668 54
  92.008 1.7982 18
  92.059 0.4401 4
  93.016 2.5338 25
  94.017 0.2769 3
  96.020 0.2523 3
  97.028 0.85 8
  99.027 0.1941 2
  100.985 1.1446 11
  101.040 0.2537 3
  101.992 0.453 5
  102.048 0.8953 9
  103.001 11.7181 117
  103.273 0.1528 2
  104.007 3.3872 34
  105.016 100 999
  105.523 0.2961 3
  105.864 0.1882 2
  106.019 12.7821 128
  106.208 0.1527 2
  107.030 6.2288 62
  108.030 0.6718 7
  109.028 1.032 10
  109.530 0.2866 3
  110.035 2.7499 27
  110.537 0.6521 7
  111.032 0.1793 2
  113.040 0.6418 6
  114.048 0.7574 8
  115.001 0.3173 3
  115.056 17.4721 175
  115.204 0.1331 1
  116.009 1.6139 16
  116.061 2.8905 29
  117.017 18.7451 187
  118.024 16.2992 163
  119.029 4.4439 44
  120.039 3.8513 38
  121.037 0.5902 6
  122.036 0.2318 2
  126.048 0.8116 8
  127.001 0.2397 2
  127.055 0.6357 6
  128.010 0.2345 2
  128.063 1.0779 11
  129.017 33.4749 334
  130.020 5.2419 52
  131.026 1.749 17
  132.038 0.8389 8
  133.046 0.7652 8
  134.036 0.3465 3
  135.043 0.3033 3
  139.056 1.9321 19
  140.011 0.4084 4
  141.017 4.3083 43
  142.024 10.04 100
  143.032 26.3769 264
  144.035 4.4865 45
  145.032 1.0914 11
  146.036 0.3887 4
  147.043 0.5118 5
  148.051 2.4493 24
  148.554 0.981 10
  149.057 0.4831 5
  150.049 0.6643 7
  151.056 1.1187 11
  152.064 4.1229 41
  153.017 2.5483 25
  153.070 1.4974 15
  154.023 1.2848 13
  154.079 0.9801 10
  155.033 7.453 74
  156.035 1.2753 13
  157.037 0.3963 4
  163.056 1.2328 12
  164.063 1.1938 12
  165.017 0.4989 5
  165.071 15.4997 155
  166.024 0.8372 8
  166.076 2.9069 29
  167.033 3.0451 30
  167.086 1.425 14
  168.037 0.7581 8
  168.091 0.2268 2
  169.047 0.7391 7
  170.051 0.166 2
  176.064 0.9497 9
  177.017 0.741 7
  177.070 0.4434 4
  178.023 0.5875 6
  178.079 19.1332 191
  178.267 0.1337 1
  179.033 4.4667 45
  179.083 3.3645 34
  180.040 19.2709 193
  180.305 0.1322 1
  181.048 74.3973 743
  181.642 0.2826 3
  182.053 25.8159 258
  182.679 0.2256 2
  183.063 52.8254 528
  183.548 0.153 2
  183.683 0.2785 3
  184.065 9.2471 92
  184.694 0.1884 2
  185.063 2.2399 22
  186.065 0.2785 3
  187.057 0.5343 5
  188.064 0.7188 7
  189.072 12.0194 120
  190.025 0.369 4
  190.078 5.5217 55
  190.213 0.3256 3
  191.033 3.7185 37
  191.087 28.3266 283
  192.039 2.2884 23
  192.094 12.5746 126
  193.048 10.905 109
  194.055 12.0501 120
  195.061 4.928 49
  195.176 0.1257 1
  196.062 0.9784 10
  197.062 0.1954 2
  202.079 0.4518 5
  203.033 0.8157 8
  204.040 2.174 22
  205.048 6.0016 60
  205.176 0.1713 2
  206.055 5.4402 54
  207.063 20.4155 204
  208.066 4.0084 40
  209.063 0.9488 9
  213.072 0.2634 3
  215.033 1.3744 14
  215.086 0.6163 6
  216.040 2.0085 20
  217.048 34.0123 340
  217.320 0.6289 6
  218.055 22.3946 224
  218.326 0.3979 4
  219.064 88.0047 879
  219.196 2.3525 24
  219.763 0.2975 3
  220.070 81.4141 813
  220.812 0.3225 3
  221.076 29.6203 296
  221.864 0.1827 2
  222.076 5.9776 60
  222.404 0.1471 1
  223.077 1.1244 11
  224.073 0.1995 2
  226.081 0.3322 3
  228.039 0.2627 3
  229.049 0.3829 4
  231.064 0.2315 2
  239.088 0.961 10
  240.093 0.3233 3
  241.049 0.5004 5
  242.053 0.2089 2
  243.065 0.2239 2
  250.081 0.2049 2
  252.096 1.0808 11
  253.102 0.7823 8
  254.110 0.648 6
  255.063 0.4184 4
  257.080 9.2246 92
  258.083 2.2594 23
  259.081 0.5486 5
  263.087 0.6121 6
  264.093 0.2019 2
  265.103 1.5865 16
  266.108 0.4821 5
  267.063 0.6813 7
  267.117 0.5882 6
  268.070 0.4192 4
  269.079 0.7318 7
  270.087 4.0617 41
  271.093 2.6956 27
  272.096 0.6698 7
  278.056 0.2463 2
  279.063 0.3435 3
  281.079 0.6776 7
  282.084 0.2632 3
  283.095 15.7775 158
  284.098 4.1744 42
  285.097 1.0116 10
  291.064 0.8934 9
  292.069 0.6888 7
  293.079 0.8978 9
  294.086 0.8402 8
  295.095 2.9346 29
  296.101 2.4212 24
  297.111 22.0334 220
  298.118 90.3767 903
  299.120 24.4826 245
  300.120 5.8012 58
  301.121 0.8165 8
//
