ACCESSION: MSBNK-MSSJ-MSJ04302
RECORD_TITLE: 1-(2-Allyl-4-fluorophenyl)prop-2-en-1-ol; GC-EI-TOF; MS; POSITIVE; 70 V
DATE: 2025.09.01
AUTHORS: Eiyu Imai and Takemichi Nakamura, Molecular Structure Characterization Unit, RIKEN, Japan
LICENSE: CC BY
COPYRIGHT: Eiyu Imaia, Molecular Structure Characterization Unit, RIKEN, Japan
PUBLICATION: I. Nasibullin, H. Yoshioka, A. Mukaimine, A. Nakamura, Y. Kusakari, T.-C. Chang and K. Tanaka, Catalytic olefin metathesis in blood, Chem. Sci., 2023, 14, 11033–11039. DOI: 10.1039/d3sc03785a.
COMMENT: The compound analyzed, CH$NAME, is identical to the product of (B) R1=H "28" in Fig 3 of PUBLICATION.
COMMENT: Original ID of the mass spectral data is A_20221031_mukaimine4MB/2211_IN-2.
COMMENT: JMS-T100GCV (JEOL, Akishima, Japan) is a reflectron time-of-flight (reTOF) mass spectrometer. Resolving power (FWHM, nominal) was 7000.
COMMENT: Typical accuracy level of the m/z value expected was 5 ppm. Postrun m/z was adjusted with the known mass 192.0950.
COMMENT: EI voltage was 70 V. Temperature of the ion-source and GC-transfer line were 200 C and 250 C, respectively.
CH$NAME: 1-(2-Allyl-4-fluorophenyl)prop-2-en-1-ol
CH$COMPOUND_CLASS: Non-natural compound
CH$FORMULA: C12H13FO
CH$EXACT_MASS: 192.095043
CH$SMILES: OC(C=C)c1ccc(F)cc1CC=C
CH$IUPAC: InChI=1S/C12H13FO/c1-3-5-9-8-10(13)6-7-11(9)12(14)4-2/h3-4,6-8,12,14H,1-2,5H2
CH$LINK: INCHIKEY NOSJIGGWZFJWHL-UHFFFAOYSA-N
CH$LINK: ChemOnt CHEMONTID:0000035; Organic compounds; Benzenoids; Benzene and substituted derivatives; Halobenzenes
AC$INSTRUMENT: JMS-T100GCV (JEOL, Akishima, Japan) coupled to Agilent 7890A (Santa Clara, CA, USA) gas chromatograph.
AC$INSTRUMENT_TYPE: GC-EI-TOF
AC$MASS_SPECTROMETRY: MS_TYPE MS
AC$MASS_SPECTROMETRY: ION_MODE POSITIVE
AC$MASS_SPECTROMETRY: IONIZATION EI
AC$CHROMATOGRAPHY: CARRIER_GAS He, flow rate 1.0/min
AC$CHROMATOGRAPHY: COLUMN_NAME DB-5MS UI 122-5532UI US0462866H (Agilent, Wilmington, USA) with the length 30.0 m, I.D. 0.25 mm, and thickness 0.25 micrometer.
AC$CHROMATOGRAPHY: COLUMN_TEMPERATURE Initial oven temperature at 70 C for 4 min and ramped at the rate of 30 C/min to 325 C and held at the final temperature for 1.5 min.
AC$CHROMATOGRAPHY: INJECTION_TEMPERATURE 250 C
AC$CHROMATOGRAPHY: RETENTION_TIME 8.62 min
PK$SPLASH: splash10-052b-2900000000-4c8a56d1ca8af6ecc07d
PK$NUM_PEAK: 238
PK$PEAK: m/z int. rel.int.
  26.016 1.4625 15
  27.024 19.2345 192
  27.097 0.1515 2
  28.006 1.9572 20
  28.031 1.9572 20
  29.003 4.9824 50
  29.039 5.9099 59
  29.077 0.2184 2
  30.999 0.5254 5
  31.019 4.7947 48
  31.990 1.1253 11
  33.014 0.5767 6
  35.976 0.2547 3
  38.016 1.0327 10
  39.024 19.0382 190
  40.030 1.1424 11
  41.039 20.1394 201
  41.089 0.3306 3
  41.132 0.1766 2
  42.010 0.1907 2
  42.044 0.7202 7
  43.019 7.8435 78
  43.055 0.3191 3
  44.024 0.3201 3
  45.014 0.3045 3
  45.034 0.6769 7
  50.016 3.4650 35
  51.024 8.7972 88
  51.056 0.1616 2
  52.031 1.4660 15
  53.003 1.0106 10
  53.040 1.9074 19
  54.018 0.1746 2
  54.045 0.2063 2
  55.019 22.1152 221
  55.055 0.9728 10
  55.363 0.1540 2
  56.023 1.1303 11
  57.015 8.7614 88
  57.034 9.0664 91
  57.107 0.2114 2
  57.529 0.2134 2
  58.020 0.4313 4
  59.030 2.2562 23
  60.020 0.8395 8
  61.008 0.3744 4
  62.016 2.6980 27
  63.024 9.3986 94
  63.073 0.1731 2
  63.528 0.3739 4
  64.030 1.4444 14
  65.040 3.0171 30
  66.017 0.3734 4
  66.045 0.3105 3
  66.523 1.3890 14
  66.588 0.1661 2
  67.025 0.7157 7
  67.054 0.4545 5
  68.009 0.9391 9
  69.017 1.8702 19
  69.528 0.2687 3
  70.022 2.5400 25
  71.029 0.6100 6
  72.020 0.4152 4
  72.523 0.4600 5
  73.027 2.0579 21
  73.529 0.3759 4
  74.016 2.7116 27
  74.520 0.3890 4
  75.024 10.0679 101
  75.093 0.1741 2
  75.528 0.2718 3
  76.031 2.2818 23
  76.533 0.2305 2
  77.039 5.6407 56
  78.046 1.2758 13
  78.524 0.3010 3
  79.025 0.2803 3
  79.054 0.4409 4
  79.531 2.3754 24
  80.008 0.4841 5
  81.016 4.9527 49
  81.526 0.3236 3
  82.024 1.2914 13
  83.030 15.8732 159
  83.165 0.2089 2
  84.034 1.0695 11
  85.027 1.3639 14
  85.530 0.5632 6
  86.017 1.0876 11
  86.535 0.2728 3
  87.024 2.1173 21
  87.528 0.3362 3
  88.031 0.9909 10
  89.040 3.9653 40
  89.104 0.1319 1
  90.046 0.4479 4
  91.055 2.1470 21
  92.007 0.3085 3
  93.015 1.0121 10
  94.023 3.0659 31
  95.030 7.6467 76
  96.038 5.4952 55
  97.045 2.1062 21
  98.017 0.5752 6
  98.045 0.1616 2
  99.024 1.5103 15
  100.032 0.6714 7
  101.040 10.1163 101
  101.438 0.1525 2
  102.046 2.5481 25
  103.055 3.8138 38
  103.125 0.1585 2
  104.058 0.3493 3
  105.014 1.0126 10
  106.022 0.9285 9
  107.030 12.6975 127
  108.038 6.0262 60
  108.099 0.1711 2
  109.046 53.7338 537
  109.254 0.2043 2
  109.458 0.1646 2
  109.518 0.2068 2
  109.561 0.2320 2
  109.883 0.2386 2
  109.958 0.1268 1
  110.050 4.2380 42
  111.025 0.2224 2
  111.055 0.3407 3
  113.040 1.0131 10
  114.047 0.5773 6
  115.055 23.1852 232
  116.060 2.9849 30
  117.069 1.2441 12
  118.024 0.2028 2
  118.077 0.1273 1
  119.030 0.5531 6
  120.038 5.5028 55
  120.100 0.2184 2
  120.140 0.1268 1
  121.045 5.9396 59
  121.129 0.1787 2
  122.053 3.4001 34
  123.025 2.9487 29
  123.061 2.7167 27
  124.028 0.3070 3
  124.061 0.2521 3
  125.040 3.8988 39
  126.047 1.8047 18
  127.055 14.5254 145
  128.062 4.7660 48
  129.070 1.5672 16
  130.039 0.1510 2
  130.074 0.2240 2
  131.032 1.3724 14
  132.038 1.3800 14
  133.046 74.2194 741
  133.541 0.2833 3
  133.942 0.1867 2
  134.052 17.2677 173
  134.483 0.1852 2
  135.061 28.4248 284
  135.281 0.2104 2
  136.033 3.0891 31
  136.067 4.7801 48
  137.041 8.8515 88
  138.045 1.1711 12
  139.055 1.2461 12
  140.060 0.2677 3
  141.070 1.0720 11
  142.079 0.2169 2
  143.088 0.2335 2
  144.040 1.1459 11
  145.046 15.4791 155
  146.054 100 999
  146.654 0.3538 4
  147.061 70.3065 702
  147.563 0.3130 3
  148.068 20.0282 200
  148.480 0.1877 2
  149.041 25.8596 258
  149.562 0.1963 2
  150.048 15.7001 157
  151.056 7.7292 77
  152.063 4.3991 44
  152.193 0.1812 2
  153.070 4.4056 44
  154.077 1.4529 15
  155.085 0.6155 6
  157.047 1.7036 17
  158.054 0.4545 5
  159.062 56.6553 566
  159.679 0.2713 3
  159.750 0.2219 2
  160.066 8.2048 82
  160.247 0.1575 2
  160.637 0.1822 2
  161.077 5.7207 57
  161.265 0.2240 2
  161.331 0.1656 2
  162.049 6.2919 63
  162.176 0.1671 2
  163.056 46.3468 463
  163.520 0.1505 2
  163.586 0.1938 2
  163.681 0.1746 2
  163.717 0.1812 2
  164.015 0.1701 2
  164.064 22.8400 228
  164.521 0.1772 2
  164.627 0.1887 2
  165.072 21.2099 212
  165.560 0.1459 1
  165.605 0.2386 2
  166.075 2.2134 22
  168.035 0.3020 3
  169.047 0.6522 7
  170.054 2.6970 27
  171.062 3.0996 31
  172.069 1.1399 11
  173.077 15.6095 156
  173.197 0.4841 5
  174.020 0.1943 2
  174.085 30.5471 305
  174.320 0.1731 2
  174.688 0.1459 1
  175.089 4.4675 45
  176.063 0.8178 8
  176.149 0.1490 1
  176.226 0.2073 2
  177.072 19.9914 200
  178.076 2.3347 23
  178.213 0.1772 2
  179.083 0.2280 2
  190.078 0.2411 2
  191.088 2.3171 23
  192.095 2.0559 21
  193.097 0.2723 3
//
