ACCESSION: MSBNK-MSSJ-MSJ04239
RECORD_TITLE: 1-(2-((1R,2R)-2-(2-Chlorophenyl)-2-methylcyclopropyl)ethynyl)-4-methoxybenzene; GC-EI-TOF; MS; POSITIVE; 70 V
DATE: 2025.09.01
AUTHORS: Eiyu Imai and Takemichi Nakamura, Molecular Structure Characterization Unit, RIKEN, Japan
LICENSE: CC BY
COPYRIGHT: Eiyu Imai, Molecular Structure Characterization Unit, RIKEN, Japan
PUBLICATION: Huai-Long Teng, et al., Asymmetric C(sp)−H Addition of Terminal Alkynes to Cyclopropenes by a Chiral Gadolinium Catalyst. ACS Catal. 2018, 8, 4705−4709. DOI: 10.1021/acscatal.8b01189.
COMMENT: The compound analyzed, CH$NAME, is identical to the substance "3i" in Table 2 of the PUBLICATION.
COMMENT: Original ID of the mass spectral data is A_20180131_teng4MB/teng-7-10a.
COMMENT: JMS-T100GCV (JEOL, Akishima, Japan) is a reflectron time-of-flight (reTOF) mass spectrometer. Resolving power (FWHM, nominal) was 7000.
COMMENT: Typical accuracy level of the m/z value expected was 5 ppm. Postrun m/z was adjusted with the known mass 296.0968.
COMMENT: EI voltage was 70 V. Temperature of the ion-source and GC-transfer line were 200 C and 250 C, respectively. 
CH$NAME: 1-(2-((1R,2R)-2-(2-Chlorophenyl)-2-methylcyclopropyl)ethynyl)-4-methoxybenzene
CH$COMPOUND_CLASS: Non-natural compound
CH$FORMULA: C19H17ClO
CH$EXACT_MASS: 296.096793
CH$SMILES: C[C@]1(C[C@H]1C#Cc1ccc(OC)cc1)c1ccccc1Cl
CH$IUPAC: InChI=1S/C19H17ClO/c1-19(17-5-3-4-6-18(17)20)13-15(19)10-7-14-8-11-16(21-2)12-9-14/h3-6,8-9,11-12,15H,13H2,1-2H3/t15-,19-/m1/s1
CH$LINK: INCHIKEY JFFVNEDOFSMQTE-DNVCBOLYSA-N
AC$INSTRUMENT: JMS-T100GCV (JEOL, Akishima, Japan) coupled to Agilent 7890A (Santa Clara, CA, USA) gas chromatograph.
AC$INSTRUMENT_TYPE: GC-EI-TOF
AC$MASS_SPECTROMETRY: MS_TYPE MS
AC$MASS_SPECTROMETRY: ION_MODE POSITIVE
AC$MASS_SPECTROMETRY: IONIZATION EI
AC$CHROMATOGRAPHY: CARRIER_GAS He, flow rate 1.5 ml/min
AC$CHROMATOGRAPHY: COLUMN_NAME HP-5 19091J-413 USD364547H (Agilent, Wilmington, USA) with the length 30.0 m, I.D. 0.32 mm, and thickness 0.25 micrometer.
AC$CHROMATOGRAPHY: COLUMN_TEMPERATURE Initial oven temperature at 70 C for 4 min and ramped at the rate of 30 C/min to 320 C and held at the final temperature for 1.67 min.
AC$CHROMATOGRAPHY: INJECTION_TEMPERATURE 250 C
AC$CHROMATOGRAPHY: RETENTION_TIME 11.76 min
PK$SPLASH: splash10-01ot-1590000000-c533936dd350758e0bdf
PK$NUM_PEAK: 263
PK$PEAK: m/z int. rel.int.
  27.024 1.3439 13
  28.006 1.6799 17
  29.040 0.3157 3
  31.990 0.9873 10
  39.024 5.0777 51
  40.030 0.3026 3
  41.039 0.8679 9
  45.034 0.9589 10
  50.016 2.2771 23
  51.024 9.1156 91
  51.078 0.1429 1
  52.031 1.357 14
  53.003 0.5372 5
  53.039 0.7916 8
  55.018 0.8725 9
  62.016 1.8333 18
  63.024 8.3449 83
  64.030 1.3865 14
  65.039 3.7898 38
  66.044 0.341 3
  72.985 0.3551 4
  74.016 3.9599 40
  75.024 15.6683 157
  76.031 4.6042 46
  77.039 10.9337 109
  78.046 2.1403 21
  79.019 1.7618 18
  79.054 0.4114 4
  81.025 0.2569 3
  81.528 0.5296 5
  82.032 0.4082 4
  82.536 0.7696 8
  83.039 0.2137 2
  86.016 1.0533 11
  87.024 2.8122 28
  88.032 5.0958 51
  88.533 0.4164 4
  89.039 9.6336 96
  90.045 1.5197 15
  91.055 3.8366 38
  92.027 0.5488 5
  92.058 0.2757 3
  93.031 0.2403 2
  93.527 0.6598 7
  94.032 1.0109 10
  94.536 3.95 39
  95.039 1.6737 17
  95.542 0.6308 6
  96.047 0.3581 4
  98.016 0.5189 5
  99.023 0.8746 9
  100.032 2.4876 25
  100.535 0.7814 8
  101.039 25.4375 254
  101.542 1.9831 20
  102.047 12.2918 123
  103.019 1.6158 16
  103.055 7.1898 72
  104.059 0.7203 7
  105.032 0.1722 2
  105.070 0.4185 4
  106.032 0.4628 5
  106.536 2.5804 26
  107.039 2.7496 27
  107.543 5.0202 50
  108.048 3.4971 35
  108.550 0.8211 8
  109.053 0.3753 4
  110.016 0.2339 2
  111.023 0.3488 3
  112.009 0.8244 8
  113.039 6.6229 66
  113.543 1.1793 12
  114.005 0.3186 3
  114.047 7.5028 75
  114.132 0.1448 1
  114.550 0.8122 8
  115.055 29.5733 295
  115.541 1.6267 16
  116.060 5.0821 51
  116.547 0.3275 3
  117.035 1.9397 19
  117.070 2.1521 21
  118.041 0.6447 6
  119.050 0.4997 5
  120.051 0.1477 1
  121.066 28.3232 283
  121.543 0.2027 2
  122.068 2.4592 25
  122.548 3.2965 33
  123.052 8.2625 83
  123.554 1.5559 16
  125.016 6.6446 66
  126.047 2.3035 23
  127.013 2.1597 22
  127.055 3.8786 39
  128.063 6.6111 66
  129.070 6.9508 69
  129.556 0.5804 6
  130.054 3.0607 31
  130.564 2.4326 24
  131.052 0.9477 9
  132.058 6.5089 65
  133.064 1.9905 20
  134.033 0.6927 7
  134.071 0.4611 5
  135.030 0.2723 3
  136.009 0.6377 6
  137.016 1.8278 18
  138.029 0.475 5
  139.055 3.13 31
  140.061 0.9096 9
  140.537 0.2118 2
  141.071 3.3797 34
  142.077 0.9484 9
  143.050 5.1679 52
  144.058 7.9778 80
  145.065 12.3919 124
  146.070 1.6453 16
  148.048 0.8632 9
  149.016 9.613 96
  150.046 1.3814 14
  151.014 3.0889 31
  151.054 2.4839 25
  152.063 6.7635 68
  152.151 0.1248 1
  152.197 0.1661 2
  153.070 6.9622 70
  154.021 0.7477 7
  154.076 1.4761 15
  155.086 0.7444 7
  156.016 0.2398 2
  156.058 0.9235 9
  157.065 0.8683 9
  158.074 3.1378 31
  159.080 1.2112 12
  161.038 0.2293 2
  162.039 0.3551 4
  163.055 1.7764 18
  164.061 0.7808 8
  165.071 1.9631 20
  166.075 0.4147 4
  167.046 0.1418 1
  168.057 0.3338 3
  169.066 1.5435 15
  170.073 1.342 13
  171.081 8.6513 86
  172.084 1.0689 11
  173.017 0.3623 4
  174.048 0.5808 6
  175.050 0.8122 8
  176.063 3.0282 30
  177.069 1.1281 11
  178.079 1.2609 13
  179.084 0.3614 4
  183.081 0.4706 5
  184.089 0.396 4
  185.097 1.7382 17
  186.034 0.1958 2
  186.101 0.262 3
  187.055 1.3138 13
  188.050 1.4105 14
  189.070 6.3569 64
  190.077 1.9357 19
  191.086 1.4409 14
  192.093 0.474 5
  199.037 0.463 5
  200.063 2.7214 27
  201.070 3.6286 36
  201.200 0.2044 2
  202.079 32.7512 327
  202.719 0.1439 1
  202.784 0.1492 1
  203.086 20.7045 207
  203.370 0.1319 1
  203.711 0.1315 1
  203.745 0.1239 1
  204.090 3.1808 32
  204.288 0.1355 1
  204.342 0.1372 1
  205.094 0.4137 4
  211.055 0.2228 2
  212.041 0.6797 7
  213.071 3.3142 33
  214.077 1.9884 20
  215.086 31.3978 314
  215.728 0.1197 1
  216.092 9.1059 91
  217.101 6.1782 62
  218.109 4.5135 45
  219.108 0.8305 8
  220.088 0.1732 2
  221.096 0.5551 6
  223.032 0.368 4
  224.060 0.1892 2
  225.050 0.4468 4
  226.078 1.9812 20
  227.086 2.4187 24
  228.094 6.0377 60
  228.228 0.283 3
  229.102 15.2315 152
  230.107 8.9955 90
  231.082 20.5488 205
  232.087 6.2752 63
  233.094 1.4567 15
  233.204 0.134 1
  233.320 0.1576 2
  234.101 0.4921 5
  236.039 0.7437 7
  237.047 0.6034 6
  238.054 1.6206 16
  239.055 0.5031 5
  240.051 0.6362 6
  241.052 0.1909 2
  243.081 0.5119 5
  244.088 1.4162 14
  245.097 26.6836 267
  246.104 37.8554 378
  246.814 0.1467 1
  246.890 0.1431 1
  247.108 6.9302 69
  247.329 0.1315 1
  248.111 0.7224 7
  249.048 1.7167 17
  250.053 0.651 7
  251.047 0.7511 8
  252.048 0.4063 4
  253.070 0.3608 4
  254.054 0.2008 2
  255.059 0.8179 8
  256.059 0.1812 2
  257.056 0.2558 3
  259.112 3.9768 40
  260.120 3.3976 34
  261.128 100 999
  261.881 0.3165 3
  262.132 19.8567 198
  263.135 2.129 21
  263.663 0.1372 1
  264.066 0.286 3
  264.139 0.1987 2
  265.066 1.0042 10
  266.051 1.9146 19
  266.731 0.1812 2
  267.059 0.7304 7
  268.051 0.7248 7
  269.067 0.2889 3
  279.058 0.4063 4
  280.065 0.4955 5
  281.073 31.3158 313
  282.077 5.9234 59
  283.071 10.3601 103
  284.074 1.9422 19
  285.080 0.2091 2
  295.089 2.0152 20
  296.097 62.8017 627
  296.956 0.1945 2
  297.100 12.7185 127
  297.461 0.1659 2
  298.094 20.6493 206
  298.859 0.145 1
  299.097 3.9692 40
  300.101 0.4776 5
//
