ACCESSION: MSBNK-MSSJ-MSJ04200
RECORD_TITLE: ((Diphenylsilyl)ethynyl)trimethylsilane; GC-EI-TOF; MS; POSITIVE; 70 V
DATE: 2025.09.01
AUTHORS: Eiyu Imai and Takemichi Nakamura, Molecular Structure Characterization Unit, RIKEN, Japan
LICENSE: CC BY
COPYRIGHT: Eiyu Imai, Molecular Structure Characterization Unit, RIKEN, Japan
PUBLICATION: Yuanhong Ma, et al., B(C6F5)3/Amine-Catalyzed C(sp)−H Silylation of Terminal Alkynes with Hydrosilanes: Experimental and Theoretical Studies. Angew. Chem. Int. Ed. 2018, 57, 15222 –15226. DOI: 10.1002/anie.201809533.
COMMENT: The compound analyzed, CH$NAME, is identical to the substance "4ab" in Table 3. of the PUBLICATION.
COMMENT: Original ID of the mass spectral data is A_20170804_ma4MB/MYH-1436
COMMENT: JMS-T100GCV (JEOL, Akishima, Japan) is a reflectron time-of-flight (reTOF) mass spectrometer. Resolving power (FWHM, nominal) was 7000.
COMMENT: Typical accuracy level of the m/z value expected was 5 ppm. Postrun m/z was adjusted with the known mass 280.1104.
COMMENT: EI voltage was 70 V. Temperature of the ion-source and GC-transfer line were 200 C and 250 C, respectively. 
CH$NAME: ((Diphenylsilyl)ethynyl)trimethylsilane
CH$COMPOUND_CLASS: Non-natural compound
CH$FORMULA: C17H20Si2
CH$EXACT_MASS: 280.110354
CH$SMILES: C[Si](C)(C)C#C[SiH](c1ccccc1)c1ccccc1
CH$IUPAC: InChI=1S/C17H20Si2/c1-19(2,3)15-14-18(16-10-6-4-7-11-16)17-12-8-5-9-13-17/h4-13,18H,1-3H3
CH$LINK: INCHIKEY JLDULSWZCNRNGI-UHFFFAOYSA-N
AC$INSTRUMENT: JMS-T100GCV (JEOL, Akishima, Japan) coupled to Agilent 7890A (Santa Clara, CA, USA) gas chromatograph.
AC$INSTRUMENT_TYPE: GC-EI-TOF
AC$MASS_SPECTROMETRY: MS_TYPE MS
AC$MASS_SPECTROMETRY: ION_MODE POSITIVE
AC$MASS_SPECTROMETRY: IONIZATION EI
AC$CHROMATOGRAPHY: CARRIER_GAS He, flow rate 1.5 ml/min
AC$CHROMATOGRAPHY: COLUMN_NAME HP-5 19091J-413 USD364547H (Agilent, Wilmington, USA) with the length 30.0 m, I.D. 0.32 mm, and thickness 0.25 micrometer.
AC$CHROMATOGRAPHY: COLUMN_TEMPERATURE Initial oven temperature at 70 C for 4 min and ramped at the rate of 30 C/min to 320 C and held at the final temperature for 1.67 min.
AC$CHROMATOGRAPHY: INJECTION_TEMPERATURE 250 C
AC$CHROMATOGRAPHY: RETENTION_TIME 9.73 min
PK$SPLASH: splash10-00kr-2960000000-79f4fc85a911a722b9d9
PK$NUM_PEAK: 246
PK$PEAK: m/z int. rel.int.
  27.024 0.4291 4
  27.978 0.6411 6
  28.006 2.2999 23
  28.985 1.3103 13
  31.001 0.4377 4
  31.990 0.8792 9
  39.024 0.8082 8
  43.001 13.8362 138
  43.054 0.1642 2
  44.005 1.0737 11
  45.017 5.1728 52
  46.017 0.3203 3
  50.017 0.8133 8
  51.025 3.3698 34
  52.032 0.9617 10
  52.985 12.5032 125
  53.040 0.247 2
  53.988 0.9677 10
  55.001 3.1009 31
  56.002 0.2459 2
  57.017 1.3769 14
  58.025 2.0243 20
  59.032 2.158 22
  63.025 0.271 3
  65.040 0.3249 3
  65.994 1.1528 12
  67.001 4.8187 48
  68.005 0.5918 6
  68.963 2.0959 21
  69.017 1.8365 18
  69.964 0.2643 3
  70.020 0.2065 2
  70.971 0.164 2
  72.040 0.3763 4
  73.048 32.822 328
  74.049 2.6014 26
  75.045 1.1114 11
  76.033 0.3973 4
  76.986 1.663 17
  77.041 2.4467 24
  77.993 0.6925 7
  78.049 11.7025 117
  79.001 6.2843 63
  79.053 0.8862 9
  79.955 0.3387 3
  80.005 0.8721 9
  80.963 1.423 14
  81.017 1.2309 12
  81.965 0.2326 2
  82.978 0.4697 5
  83.033 6.9803 70
  83.986 0.4269 4
  84.034 0.6434 6
  84.994 1.8492 18
  85.030 0.2663 3
  85.996 0.2704 3
  89.041 0.2575 3
  91.001 0.418 4
  91.056 2.7088 27
  92.009 0.2797 3
  92.061 0.2893 3
  92.963 0.5427 5
  93.017 2.8064 28
  93.969 0.2581 3
  94.023 1.0212 10
  94.979 1.6726 17
  95.032 0.9728 10
  95.981 0.2615 3
  96.038 0.2408 2
  96.993 0.3253 3
  97.048 0.9387 9
  99.010 0.5839 6
  100.986 0.238 2
  101.032 0.1808 2
  102.041 0.3798 4
  103.002 5.9397 59
  104.007 1.4487 14
  104.964 0.2257 2
  105.017 51.4214 514
  105.465 0.1298 1
  105.523 0.1577 2
  106.021 7.5448 75
  107.032 5.4837 55
  107.107 0.1207 1
  108.033 0.5991 6
  108.994 0.4393 4
  109.048 0.8333 8
  110.002 1.0302 10
  111.009 0.7217 7
  112.011 0.1565 2
  115.056 1.0814 11
  116.010 0.2315 2
  117.017 2.0922 21
  118.022 0.4857 5
  119.033 4.8916 49
  120.038 1.2149 12
  121.048 3.9837 40
  122.050 0.4958 5
  124.023 0.1858 2
  125.029 0.6834 7
  126.041 0.1952 2
  127.057 0.2012 2
  128.064 0.505 5
  129.017 15.7332 157
  130.021 2.9802 30
  130.979 0.5171 5
  131.032 5.0737 51
  131.534 0.2857 3
  131.985 0.3982 4
  132.039 2.332 23
  132.543 2.0436 20
  132.994 0.7037 7
  133.047 1.8612 19
  133.543 0.1926 2
  134.053 0.3613 4
  135.064 82.2191 821
  135.642 0.2396 2
  136.066 10.947 109
  136.490 0.1366 1
  137.062 3.1309 31
  138.065 0.2334 2
  139.056 0.1869 2
  141.018 0.3808 4
  142.025 0.7734 8
  143.033 6.961 70
  144.037 1.364 14
  144.995 1.7679 18
  145.049 18.7897 188
  145.215 0.126 1
  145.997 0.4768 5
  146.051 2.7533 28
  147.010 1.9745 20
  148.011 0.3746 4
  149.014 0.1902 2
  151.057 0.3054 3
  152.065 1.4082 14
  153.018 0.7541 8
  153.072 0.8983 9
  154.024 0.4229 4
  154.080 1.1391 11
  155.033 4.0631 41
  156.036 0.6881 7
  156.995 2.3157 23
  157.999 0.643 6
  158.056 0.7584 8
  159.009 0.8701 9
  159.065 13.6015 136
  160.013 0.3162 3
  160.067 2.1152 21
  161.026 3.6375 36
  162.029 0.9096 9
  163.040 2.1319 21
  164.042 0.3955 4
  165.072 2.4953 25
  166.075 0.4117 4
  167.033 0.5876 6
  168.995 0.3747 4
  169.049 0.4915 5
  171.010 1.3378 13
  172.014 0.4573 5
  173.025 1.5423 15
  174.029 0.4272 4
  175.041 1.3447 13
  176.049 2.6527 27
  177.055 1.5821 16
  178.066 1.6405 16
  179.034 1.9514 19
  180.041 5.9429 59
  180.171 0.1629 2
  181.049 21.0676 210
  182.054 7.5005 75
  183.060 2.8249 28
  183.172 0.1172 1
  184.062 0.4864 5
  185.026 0.9409 9
  186.030 0.3213 3
  187.041 73.7596 737
  187.720 0.2322 2
  188.043 15.1124 151
  188.687 0.1631 2
  189.040 6.0727 61
  190.041 0.833 8
  191.035 0.3522 4
  193.049 1.3974 14
  194.053 0.3809 4
  195.064 6.7275 67
  195.178 0.1194 1
  195.336 0.1549 2
  196.067 1.2887 13
  197.080 29.9017 299
  198.082 5.5226 55
  199.079 1.33 13
  200.063 0.1749 2
  201.057 2.1033 21
  202.064 71.6476 716
  202.768 0.2038 2
  203.066 16.5329 165
  203.758 0.1448 1
  204.062 6.3989 64
  205.052 3.2685 33
  206.055 1.3247 13
  207.064 20.9637 209
  208.067 4.2734 43
  209.066 1.1179 11
  217.049 0.8295 8
  218.054 0.3617 4
  219.064 1.2123 12
  220.069 0.3713 4
  221.080 10.6469 106
  222.082 2.2692 23
  223.079 0.5883 6
  225.055 0.3108 3
  231.009 0.2202 2
  233.025 0.4874 5
  233.080 0.3995 4
  235.040 0.4072 4
  237.057 1.4752 15
  238.062 0.5501 5
  239.072 0.9561 10
  240.075 0.2512 3
  245.026 0.428 4
  247.041 0.8497 8
  248.046 0.3254 3
  249.056 1.9152 19
  250.060 0.5413 5
  251.069 0.4057 4
  252.076 0.1909 2
  253.084 0.1532 2
  261.057 0.3043 3
  263.072 5.2128 52
  263.345 0.387 4
  264.076 1.956 20
  265.088 100 999
  265.670 0.1807 2
  265.894 0.2966 3
  266.090 27.0173 270
  267.087 9.6531 96
  268.089 1.6993 17
  269.087 0.2536 3
  277.088 0.4693 5
  278.095 0.4452 4
  279.103 7.6387 76
  280.110 36.789 368
  281.112 10.4884 105
  282.110 3.5588 36
  283.111 0.6281 6
//
