ACCESSION: MSBNK-MSSJ-MSJ04201
RECORD_TITLE: ((Diphenylsilyl)ethynyl)triisopropylsilane; GC-EI-TOF; MS; POSITIVE; 70 V
DATE: 2025.09.01
AUTHORS: Eiyu Imai and Takemichi Nakamura, Molecular Structure Characterization Unit, RIKEN, Japan
LICENSE: CC BY
COPYRIGHT: Eiyu Imai, Molecular Structure Characterization Unit, RIKEN, Japan
PUBLICATION: Yuanhong Ma, et al., B(C6F5)3/Amine-Catalyzed C(sp)−H Silylation of Terminal Alkynes with Hydrosilanes: Experimental and Theoretical Studies. Angew. Chem. Int. Ed. 2018, 57, 15222 –15226. DOI: 10.1002/anie.201809533.
COMMENT: The compound analyzed, CH$NAME, is identical to the substance "4ac" in Table 3. of the PUBLICATION.
COMMENT: Original ID of the mass spectral data is A_20170804_ma4MB/MYH-1437
COMMENT: JMS-T100GCV (JEOL, Akishima, Japan) is a reflectron time-of-flight (reTOF) mass spectrometer. Resolving power (FWHM, nominal) was 7000.
COMMENT: Typical accuracy level of the m/z value expected was 5 ppm. Postrun m/z was adjusted with the known mass 364.2043.
COMMENT: EI voltage was 70 V. Temperature of the ion-source and GC-transfer line were 200 C and 250 C, respectively. 
CH$NAME: ((Diphenylsilyl)ethynyl)triisopropylsilane
CH$COMPOUND_CLASS: Non-natural compound
CH$FORMULA: C23H32Si2
CH$EXACT_MASS: 364.204254
CH$SMILES: CC(C)[Si](C#C[SiH](c1ccccc1)c1ccccc1)(C(C)C)C(C)C
CH$IUPAC: InChI=1S/C23H32Si2/c1-19(2)25(20(3)4,21(5)6)18-17-24(22-13-9-7-10-14-22)23-15-11-8-12-16-23/h7-16,19-21,24H,1-6H3
CH$LINK: INCHIKEY QRWJWNFFUKFMHR-UHFFFAOYSA-N
CH$LINK: ChemOnt CHEMONTID:0002279; Organic compounds; Benzenoids; Benzene and substituted derivatives
AC$INSTRUMENT: JMS-T100GCV (JEOL, Akishima, Japan) coupled to Agilent 7890A (Santa Clara, CA, USA) gas chromatograph.
AC$INSTRUMENT_TYPE: GC-EI-TOF
AC$MASS_SPECTROMETRY: MS_TYPE MS
AC$MASS_SPECTROMETRY: ION_MODE POSITIVE
AC$MASS_SPECTROMETRY: IONIZATION EI
AC$CHROMATOGRAPHY: CARRIER_GAS He, flow rate 1.5 ml/min
AC$CHROMATOGRAPHY: COLUMN_NAME HP-5 19091J-413 USD364547H (Agilent, Wilmington, USA) with the length 30.0 m, I.D. 0.32 mm, and thickness 0.25 micrometer.
AC$CHROMATOGRAPHY: COLUMN_TEMPERATURE Initial oven temperature at 70 C for 4 min and ramped at the rate of 30 C/min to 320 C and held at the final temperature for 7.67 min.
AC$CHROMATOGRAPHY: INJECTION_TEMPERATURE 250 C
AC$CHROMATOGRAPHY: RETENTION_TIME 11.42 min
PK$SPLASH: splash10-00di-2966000000-480207f6ec030e6ed6a5
PK$NUM_PEAK: 244
PK$PEAK: m/z int. rel.int.
  27.024 2.1897 22
  28.006 3.3948 34
  28.985 0.2219 2
  31.990 1.2866 13
  39.024 0.7695 8
  40.032 0.2119 2
  41.040 4.1154 41
  42.048 1.1628 12
  43.001 3.4116 34
  43.056 5.8384 58
  44.009 0.651 7
  45.017 1.5663 16
  51.024 0.4586 5
  52.985 3.1709 32
  53.989 0.3032 3
  55.001 1.067 11
  55.056 0.2867 3
  57.016 0.2475 2
  58.025 1.1349 11
  59.032 5.0646 51
  60.033 0.3353 3
  67.001 0.8868 9
  68.008 0.2083 2
  68.962 0.2634 3
  69.017 2.184 22
  69.072 0.3503 3
  70.023 0.3577 4
  71.032 1.0995 11
  72.040 0.4648 5
  73.048 2.09 21
  77.041 0.4933 5
  78.049 5.8631 59
  79.001 1.7277 17
  79.053 0.507 5
  80.008 0.4178 4
  80.962 0.8522 9
  81.017 0.749 7
  83.032 2.1786 22
  84.034 0.2399 2
  84.995 0.2114 2
  85.048 1.0687 11
  86.055 0.2057 2
  87.016 0.2336 2
  87.064 0.3376 3
  91.056 0.64 6
  93.017 0.797 8
  94.024 0.6098 6
  95.033 0.9281 9
  96.041 0.2865 3
  96.994 0.2034 2
  97.048 0.4891 5
  99.063 0.2433 2
  103.002 1.499 15
  104.008 0.3808 4
  105.017 42.8796 428
  106.021 6.2674 63
  107.030 2.7185 27
  107.537 0.2017 2
  108.033 0.4205 4
  109.048 0.5035 5
  110.058 0.528 5
  111.011 0.2061 2
  111.064 0.5947 6
  113.080 0.2642 3
  115.054 0.3004 3
  117.017 0.341 3
  119.033 1.5478 15
  120.038 0.3152 3
  121.048 11.0726 111
  122.051 1.3847 14
  123.051 0.4297 4
  124.024 0.2098 2
  125.032 0.8332 8
  125.535 0.3263 3
  128.066 0.2182 2
  129.018 4.8953 49
  130.023 1.2219 12
  130.979 0.3037 3
  131.033 4.5172 45
  131.986 0.6098 6
  132.039 1.9971 20
  132.544 3.171 32
  132.994 0.7896 8
  133.046 1.676 17
  133.544 0.2868 3
  133.998 0.2251 2
  135.006 0.1325 1
  135.064 14.7706 148
  136.066 1.965 20
  137.065 0.6326 6
  139.094 0.3831 4
  143.033 1.8373 18
  144.037 0.3905 4
  144.995 0.5498 5
  145.049 8.8291 88
  145.999 0.1815 2
  146.051 1.341 13
  146.560 0.4834 5
  147.010 1.3845 14
  147.062 1.1799 12
  148.013 0.2975 3
  148.065 0.1741 2
  149.024 0.418 4
  149.081 0.2242 2
  152.064 0.3233 3
  153.072 0.2555 3
  154.080 0.3751 4
  155.034 1.6192 16
  156.037 0.3111 3
  156.994 1.816 18
  157.049 1.2057 12
  158.000 0.7957 8
  158.056 0.439 4
  159.009 1.1931 12
  159.065 4.0902 41
  160.013 0.3416 3
  160.068 0.6822 7
  161.025 1.0886 11
  161.078 0.6337 6
  162.029 0.2683 3
  163.041 0.8136 8
  165.072 0.9852 10
  167.034 0.1924 2
  169.049 0.4044 4
  171.010 0.3396 3
  171.064 1.2954 13
  172.018 0.2128 2
  172.070 0.3513 4
  173.027 1.9249 19
  173.079 0.892 9
  174.030 0.4722 5
  174.081 0.1773 2
  175.041 1.6643 17
  176.043 0.3208 3
  177.056 1.2025 12
  178.078 0.5242 5
  179.036 0.5354 5
  180.042 1.4381 14
  181.049 7.3031 73
  182.052 1.504 15
  183.064 10.6879 107
  184.067 1.8579 19
  185.073 0.7298 7
  187.043 1.9948 20
  188.046 0.4547 5
  189.056 1.6174 16
  190.058 0.3385 3
  191.072 1.035 10
  192.072 0.2089 2
  193.050 0.6582 7
  194.055 0.3365 3
  195.065 2.6301 26
  196.067 0.5817 6
  197.080 17.6934 177
  198.082 3.2744 33
  199.083 1.0915 11
  200.045 0.2347 2
  201.058 2.4089 24
  202.060 0.5979 6
  203.071 0.8956 9
  204.053 0.2773 3
  205.050 1.0182 10
  206.055 0.4083 4
  207.065 6.6601 67
  208.017 0.4253 4
  208.068 1.4851 15
  209.026 1.0138 10
  209.078 1.256 13
  210.029 0.3285 3
  210.083 0.2518 3
  211.040 0.2416 2
  213.057 0.2676 3
  215.074 2.321 23
  216.076 0.5058 5
  217.081 0.4368 4
  219.066 0.5637 6
  221.080 1.9564 20
  222.083 0.412 4
  223.042 0.8433 8
  224.045 0.2643 3
  225.057 0.6899 7
  226.059 0.1776 2
  227.070 0.1838 2
  231.012 0.3007 3
  231.066 0.2247 2
  232.017 0.2352 2
  233.026 1.2921 13
  233.080 1.3517 14
  234.031 0.4749 5
  234.086 0.422 4
  235.041 2.2749 23
  236.046 0.9696 10
  237.057 4.7745 48
  238.059 1.2014 12
  239.069 1.0906 11
  240.073 0.2867 3
  241.087 0.5103 5
  243.106 1.2238 12
  244.109 0.351 4
  245.085 0.2157 2
  247.041 0.5493 5
  248.045 0.1862 2
  249.057 1.5489 15
  250.061 0.5792 6
  251.073 18.9236 189
  252.075 4.8568 49
  253.076 2.1039 21
  254.081 0.38 4
  261.060 0.2041 2
  263.074 1.5253 15
  264.075 0.4697 5
  265.089 15.1563 151
  266.091 4.0732 41
  267.089 1.4967 15
  268.092 0.264 3
  275.074 0.2322 2
  277.089 2.9737 30
  278.092 1.1625 12
  279.104 13.691 137
  280.106 3.8561 39
  281.104 1.3558 14
  282.106 0.2486 2
  291.104 0.8226 8
  292.107 0.281 3
  293.120 18.7858 188
  294.122 5.6301 56
  295.120 1.9616 20
  296.121 0.3641 4
  305.118 0.2768 3
  319.136 0.7107 7
  320.140 0.4061 4
  321.150 100 999
  321.791 0.2091 2
  322.153 31.4855 315
  323.151 10.7759 108
  323.951 0.1429 1
  324.035 0.1225 1
  324.152 2.1304 21
  325.152 0.3682 4
  363.195 0.2612 3
  364.204 8.8616 89
  365.207 3.0815 31
  366.205 1.0619 11
  367.206 0.2159 2
//
