ACCESSION: MSBNK-MSSJ-MSJ04281
RECORD_TITLE: 6-Bromo-1-(2,2,2-trifluoroethyl)-1,2,3,4-tetrahydrocarbazole; GC-EI-TOF; MS; POSITIVE; 70 V
DATE: 2025.09.01
AUTHORS: Eiyu Imai and Takemichi Nakamura, Molecular Structure Characterization Unit, RIKEN, Japan
LICENSE: CC BY
COPYRIGHT: Eiyu Imai, Molecular Structure Characterization Unit, RIKEN, Japan
PUBLICATION: R. Murakami, D. Sekine, Y. Aoki, S. Kawamura and M. Sodeoka, Control of site selectivity in trifluoromethylation of alkenes bearing a pendant indolyl group: Synthesis of CF3-containing tetrahydrocarbazoles, Tetrahedron 75 (2019) 1327-1335. DOI: 10.1016/j.tet.2019.01.048.
COMMENT: The compound analyzed, CH$NAME, is identical to the product of "2f+1" in Table 2 of the PUBLICATION.
COMMENT: Original ID of the mass spectral data is A_20180913_sekine4MB/YA5Br.
COMMENT: JMS-T100GCV (JEOL, Akishima, Japan) is a reflectron time-of-flight (reTOF) mass spectrometer. Resolving power (FWHM, nominal) was 7000.
COMMENT: Typical accuracy level of the m/z value expected was 5 ppm. Postrun m/z was adjusted with the known mass 331.0183.
COMMENT: EI voltage was 70 V. Temperature of the ion-source and GC-transfer line were 200 C and 250 C, respectively.
CH$NAME: 6-Bromo-1-(2,2,2-trifluoroethyl)-1,2,3,4-tetrahydrocarbazole
CH$COMPOUND_CLASS: Non-natural compound
CH$FORMULA: C14H13BrF3N
CH$EXACT_MASS: 331.018342
CH$SMILES: FC(F)(F)CC1CCCc2c3cc(Br)ccc3[NH]c21
CH$IUPAC: InChI=1S/C14H13BrF3N/c15-9-4-5-12-11(6-9)10-3-1-2-8(13(10)19-12)7-14(16,17)18/h4-6,8,19H,1-3,7H2
CH$LINK: INCHIKEY UIHONMSYBOTLEJ-UHFFFAOYSA-N
AC$INSTRUMENT: JMS-T100GCV (JEOL, Akishima, Japan) coupled to Agilent 7890A (Santa Clara, CA, USA) gas chromatograph.
AC$INSTRUMENT_TYPE: GC-EI-TOF
AC$MASS_SPECTROMETRY: MS_TYPE MS
AC$MASS_SPECTROMETRY: ION_MODE POSITIVE
AC$MASS_SPECTROMETRY: IONIZATION EI
AC$CHROMATOGRAPHY: CARRIER_GAS He, flow rate 1.5 ml/min
AC$CHROMATOGRAPHY: COLUMN_NAME HP-5 19091J-413 USD364547H (Agilent, Wilmington, USA) with the length 30.0 m, I.D. 0.32 mm, and thickness 0.25 micrometer.
AC$CHROMATOGRAPHY: COLUMN_TEMPERATURE Initial oven temperature at 70 C for 4 min and ramped at the rate of 30 C/min to 320 C and held at the final temperature for 1.67 min.
AC$CHROMATOGRAPHY: INJECTION_TEMPERATURE 250 C
AC$CHROMATOGRAPHY: RETENTION_TIME 10.91 min
PK$SPLASH: splash10-0fsi-4985000000-d0c8051f574694780b9b
PK$NUM_PEAK: 229
PK$PEAK: m/z int. rel.int.
  27.024 4.0778 41
  28.006 1.4550 15
  28.019 1.3935 14
  28.032 1.1674 12
  29.039 0.8652 9
  31.989 0.6806 7
  33.014 1.0466 10
  38.016 0.7371 7
  39.024 6.9827 70
  40.030 0.6803 7
  41.039 4.5667 46
  50.016 2.5589 26
  51.023 6.3783 64
  52.024 1.5588 16
  53.039 1.3310 13
  54.035 0.9958 10
  57.017 0.4869 5
  57.526 0.6125 6
  59.030 2.5476 25
  62.016 2.2543 23
  63.023 7.9545 79
  63.526 0.5458 5
  64.019 2.3163 23
  64.529 0.7867 8
  65.037 2.1701 22
  66.041 0.3208 3
  68.996 3.3106 33
  69.527 3.0248 30
  70.029 1.6397 16
  70.529 4.3229 43
  71.031 1.1458 11
  71.536 1.8289 18
  74.016 3.4076 34
  75.023 6.7036 67
  76.030 4.4114 44
  76.529 2.1593 22
  77.035 7.8451 78
  77.536 2.6039 26
  78.041 1.5542 16
  82.528 2.8990 29
  83.031 1.8686 19
  83.536 24.8185 248
  83.605 0.4615 5
  84.040 15.8039 158
  84.543 3.7065 37
  85.045 0.4226 4
  86.016 1.1481 11
  86.531 0.6093 6
  87.023 2.4731 25
  88.030 2.4273 24
  89.038 5.0605 51
  89.536 1.1659 12
  90.041 3.9343 39
  90.544 2.6868 27
  91.049 1.4079 14
  91.525 0.4335 4
  92.028 0.4340 4
  92.531 1.9267 19
  93.034 0.6955 7
  93.539 0.6645 7
  94.043 1.5970 16
  95.027 0.3116 3
  95.536 1.1491 11
  96.039 1.1364 11
  98.016 0.6879 7
  99.023 1.6117 16
  100.030 1.8483 18
  101.039 4.3846 44
  101.527 2.1272 21
  102.045 5.2905 53
  103.046 1.5647 16
  104.051 0.4741 5
  104.531 0.7943 8
  104.987 0.5728 6
  105.539 1.0382 10
  106.043 2.2075 22
  110.490 0.5308 5
  111.490 0.5066 5
  112.028 0.3639 4
  113.039 3.8140 38
  114.045 4.5829 46
  115.054 11.3171 113
  115.542 0.6468 6
  116.049 5.8974 59
  117.057 1.6656 17
  123.498 2.3705 24
  124.001 0.8996 9
  124.498 2.2941 23
  125.002 0.7311 7
  125.038 0.8896 9
  126.047 4.5411 45
  127.053 9.1580 91
  128.055 6.5476 65
  129.058 4.7264 47
  130.065 2.0197 20
  131.072 0.4783 5
  133.046 0.4838 5
  137.039 0.5600 6
  138.044 0.9518 10
  139.054 8.8527 88
  140.052 8.8182 88
  141.060 6.0450 60
  142.066 4.0966 41
  143.073 2.1280 21
  145.050 0.3715 4
  150.046 0.5885 6
  151.052 1.4217 14
  152.057 3.2426 32
  153.059 6.0628 61
  154.066 31.2102 312
  155.073 17.0370 170
  155.506 0.7145 7
  156.077 2.2125 22
  156.504 0.7122 7
  157.045 0.6411 6
  158.042 0.4299 4
  163.043 0.2593 3
  164.050 1.7384 17
  165.058 1.4977 15
  165.509 1.4992 15
  166.066 12.1118 121
  166.195 0.3760 4
  166.507 1.4738 15
  167.073 59.0495 590
  168.081 71.3858 713
  168.646 0.3012 3
  168.720 0.2907 3
  169.088 41.1315 411
  169.658 0.2548 3
  170.092 4.9755 50
  171.050 0.3462 3
  171.096 0.4079 4
  172.057 0.7093 7
  175.036 0.5262 5
  176.041 0.3768 4
  177.055 0.7543 8
  178.065 1.7611 18
  179.073 1.3728 14
  180.081 6.9448 69
  181.088 3.0325 30
  181.958 0.4471 4
  182.042 0.5388 5
  182.097 6.0723 61
  183.102 1.5822 16
  184.057 1.1426 11
  185.064 1.0220 10
  190.048 0.7719 8
  191.058 0.4560 5
  194.967 0.9621 10
  196.968 0.6840 7
  202.047 1.3838 14
  203.055 3.0144 30
  204.061 1.2732 13
  205.961 0.8197 8
  206.967 0.3909 4
  207.975 3.6057 36
  208.056 0.4346 4
  208.976 0.6462 6
  209.063 0.5259 5
  209.973 3.4725 35
  210.071 0.6097 6
  210.965 2.3111 23
  211.071 0.5743 6
  211.957 0.5675 6
  212.961 2.0740 21
  216.063 0.4226 4
  219.976 1.1570 12
  220.984 13.8557 138
  221.982 2.3206 23
  222.982 13.8035 138
  223.977 3.2488 32
  224.069 2.2909 23
  224.966 0.6303 6
  225.969 2.3092 23
  228.063 0.4098 4
  229.070 0.6738 7
  230.078 0.8987 9
  231.976 2.1400 21
  232.983 1.1734 12
  233.991 17.4520 174
  234.990 2.6687 27
  235.990 16.2431 162
  236.993 1.8847 19
  244.983 0.7860 8
  245.992 5.9691 60
  246.995 2.9720 30
  248.007 100 999
  248.699 0.2394 2
  248.782 0.2789 3
  249.009 13.9257 139
  249.241 0.2562 3
  249.312 0.2347 2
  250.005 94.7941 947
  250.313 0.2659 3
  250.686 0.2274 2
  251.008 12.0335 120
  251.091 2.8218 28
  251.244 0.2575 3
  252.011 0.7758 8
  252.100 13.7377 137
  253.104 2.1301 21
  257.992 0.3469 3
  260.002 0.7138 7
  262.007 0.6046 6
  263.022 0.2664 3
  269.960 0.3543 4
  279.025 0.4140 4
  281.024 0.4234 4
  281.973 1.5780 16
  282.979 1.8321 18
  283.972 1.7148 17
  284.978 1.6648 17
  289.981 0.4968 5
  291.979 0.4751 5
  301.980 0.8174 8
  302.987 15.7411 157
  303.987 2.6565 27
  304.985 15.4396 154
  305.988 1.9288 19
  310.001 0.3082 3
  330.011 6.3074 63
  331.018 95.5735 955
  331.818 0.2578 3
  331.917 0.2939 3
  332.018 19.0912 191
  333.016 95.2724 952
  334.020 13.9681 140
  334.548 0.2481 2
  335.024 1.0503 10
//
