ACCESSION: MSBNK-MSSJ-MSJ04187
RECORD_TITLE: Diphenyl(thiophen-3-ylethynyl)silane; GC-EI-TOF; MS; POSITIVE; 70 V
DATE: 2025.09.01
AUTHORS: Eiyu Imai and Takemichi Nakamura, Molecular Structure Characterization Unit, RIKEN, Japan
LICENSE: CC BY
COPYRIGHT: Eiyu Imai, Molecular Structure Characterization Unit, RIKEN, Japan
PUBLICATION: Yuanhong Ma, et al., B(C6F5)3/Amine-Catalyzed C(sp)−H Silylation of Terminal Alkynes with Hydrosilanes: Experimental and Theoretical Studies. Angew. Chem. Int. Ed. 2018, 57, 15222 –15226. DOI: 10.1002/anie.201809533.
COMMENT: The compound analyzed, CH$NAME, is identical to the substance "4t" in Table 3. of the PUBLICATION.
COMMENT: Original ID of the mass spectral data is A_20170804_ma4MB/MYH-1361
COMMENT: JMS-T100GCV (JEOL, Akishima, Japan) is a reflectron time-of-flight (reTOF) mass spectrometer. Resolving power (FWHM, nominal) was 7000.
COMMENT: Typical accuracy level of the m/z value expected was 5 ppm. Postrun m/z was adjusted with the known mass 290.0585.
COMMENT: EI voltage was 70 V. Temperature of the ion-source and GC-transfer line were 200 C and 250 C, respectively. 
CH$NAME: Diphenyl(thiophen-3-ylethynyl)silane
CH$COMPOUND_CLASS: Non-natural compound
CH$FORMULA: C18H14SSi
CH$EXACT_MASS: 290.058548
CH$SMILES: C(#Cc1ccsc1)[SiH](c1ccccc1)c1ccccc1
CH$IUPAC: InChI=1S/C18H14SSi/c1-3-7-17(8-4-1)20(18-9-5-2-6-10-18)14-12-16-11-13-19-15-16/h1-11,13,15,20H
CH$LINK: INCHIKEY FBHMDUKQWLJDNN-UHFFFAOYSA-N
AC$INSTRUMENT: JMS-T100GCV (JEOL, Akishima, Japan) coupled to Agilent 7890A (Santa Clara, CA, USA) gas chromatograph.
AC$INSTRUMENT_TYPE: GC-EI-TOF
AC$MASS_SPECTROMETRY: MS_TYPE MS
AC$MASS_SPECTROMETRY: ION_MODE POSITIVE
AC$MASS_SPECTROMETRY: IONIZATION EI
AC$CHROMATOGRAPHY: CARRIER_GAS He, flow rate 1.5 ml/min
AC$CHROMATOGRAPHY: COLUMN_NAME HP-5 19091J-413 USD364547H (Agilent, Wilmington, USA) with the length 30.0 m, I.D. 0.32 mm, and thickness 0.25 micrometer.
AC$CHROMATOGRAPHY: COLUMN_TEMPERATURE Initial oven temperature at 70 C for 4 min and ramped at the rate of 30 C/min to 320 C and held at the final temperature for 1.67 min.
AC$CHROMATOGRAPHY: INJECTION_TEMPERATURE 250 C
AC$CHROMATOGRAPHY: RETENTION_TIME 11.52 min
PK$SPLASH: splash10-006t-1795000000-a780d3b019ad17cd28b8
PK$NUM_PEAK: 309
PK$PEAK: m/z int. rel.int.
  27.024 0.4461 4
  27.978 0.5247 5
  28.006 5.7633 58
  28.985 0.3253 3
  31.990 2.1199 21
  39.024 1.2137 12
  44.981 1.8213 18
  50.017 0.8059 8
  51.025 3.8182 38
  52.032 1.0169 10
  52.986 6.5005 65
  53.040 0.1789 2
  53.988 0.5215 5
  55.001 0.3185 3
  62.017 0.2712 3
  63.024 0.9843 10
  65.039 0.244 2
  65.994 0.3929 4
  67.002 0.3198 3
  74.017 0.3984 4
  75.025 0.8298 8
  76.033 0.6823 7
  76.986 1.9721 20
  77.041 3.5195 35
  77.992 0.5567 6
  78.049 8.1242 81
  79.001 4.7293 47
  79.053 0.6363 6
  80.005 0.5583 6
  81.007 0.1409 1
  86.018 0.3146 3
  87.025 0.5895 6
  88.033 0.5743 6
  88.985 0.2117 2
  89.041 0.6295 6
  89.994 0.3001 3
  91.000 0.2334 2
  91.056 0.3002 3
  95.013 0.3265 3
  96.029 0.1574 2
  99.025 0.3761 4
  100.032 0.4878 5
  100.986 0.5129 5
  101.041 0.5502 5
  102.049 0.5207 5
  103.002 4.5712 46
  103.055 0.2085 2
  104.008 1.3462 13
  105.017 41.2853 412
  105.216 0.1367 1
  105.461 0.1533 2
  105.522 0.1343 1
  106.021 5.6746 57
  107.015 1.6184 16
  108.020 0.3193 3
  109.514 1.256 13
  110.016 0.3802 4
  111.024 0.192 2
  112.032 0.5289 5
  112.535 0.3591 4
  113.040 2.8148 28
  113.542 0.4317 4
  114.048 0.5755 6
  115.001 0.1851 2
  115.056 0.7777 8
  117.017 0.2927 3
  120.020 0.2204 2
  121.025 0.2302 2
  121.517 0.2439 2
  122.018 0.2057 2
  123.024 0.2867 3
  124.031 0.2787 3
  124.537 0.2282 2
  125.040 3.604 36
  125.542 0.8546 9
  126.048 7.0021 70
  126.140 0.1549 2
  126.550 1.2995 13
  127.055 0.4643 5
  128.064 0.373 4
  129.018 6.2331 62
  130.022 1.3008 13
  131.025 0.334 3
  133.027 0.5112 5
  133.531 0.3042 3
  134.035 0.2947 3
  134.525 0.219 2
  135.026 0.3543 4
  137.041 0.6808 7
  138.048 0.866 9
  139.057 3.5672 36
  140.010 0.3016 3
  140.060 0.446 4
  141.017 0.7026 7
  142.027 0.2587 3
  145.018 0.2207 2
  147.027 0.2792 3
  147.530 2.9948 30
  148.033 3.5758 36
  148.535 1.2424 12
  149.040 1.6163 16
  150.048 2.0338 20
  151.056 2.3412 23
  152.064 2.0749 21
  153.018 0.9875 10
  153.072 0.9021 9
  154.025 0.575 6
  154.080 0.6106 6
  155.033 4.1976 42
  156.036 0.7333 7
  156.552 0.3466 3
  157.042 0.2716 3
  157.549 0.1454 1
  158.038 0.2168 2
  160.541 0.1495 1
  161.041 0.3399 3
  162.049 1.2223 12
  163.057 7.4762 75
  163.559 0.3269 3
  164.062 1.4325 14
  164.553 0.1394 1
  165.018 2.7138 27
  165.072 1.4505 14
  166.025 0.848 8
  167.036 1.043 10
  168.057 0.5415 5
  169.013 0.2787 3
  170.034 0.2538 3
  171.045 0.2963 3
  172.049 0.2562 3
  172.539 0.1804 2
  173.046 0.4057 4
  173.549 0.1603 2
  174.049 4.0045 40
  174.170 0.1642 2
  175.056 3.0589 31
  176.064 2.0613 21
  176.541 0.2533 3
  177.050 0.6295 6
  177.547 0.3734 4
  178.079 3.4502 34
  178.552 0.1791 2
  179.035 1.991 20
  179.546 0.5129 5
  180.041 10.4422 104
  181.049 35.9825 359
  181.312 0.1538 2
  181.646 0.1642 2
  182.053 9.2675 93
  183.051 1.9304 19
  184.052 0.339 3
  184.538 0.2241 2
  185.040 0.3839 4
  185.545 1.0902 11
  186.049 2.0357 20
  186.553 3.3079 33
  187.057 6.4723 65
  187.176 0.1332 1
  187.558 1.6696 17
  188.060 0.8039 8
  189.018 1.4353 14
  189.072 0.8527 9
  190.026 3.2976 33
  191.033 4.9612 50
  192.060 7.3645 74
  193.063 1.2335 12
  194.019 0.3396 3
  195.028 1.6254 16
  196.035 1.9824 20
  197.039 0.6092 6
  198.047 0.4026 4
  199.056 0.3494 3
  200.065 1.0021 10
  201.070 0.4661 5
  202.079 0.4723 5
  203.035 0.2823 3
  204.041 1.4136 14
  205.048 3.0769 31
  206.056 5.1038 51
  207.062 3.1386 31
  208.062 0.6172 6
  209.051 0.224 2
  211.057 0.554 6
  212.065 0.3469 3
  213.073 1.5886 16
  214.025 0.2117 2
  214.076 0.3921 4
  215.034 0.6519 7
  215.087 0.6275 6
  216.050 0.4085 4
  217.049 0.297 3
  218.021 0.3217 3
  219.028 8.5139 85
  220.033 2.2918 23
  221.037 0.8168 8
  222.047 0.2692 3
  223.057 0.2723 3
  224.065 1.786 18
  225.072 1.254 13
  226.080 2.4169 24
  227.084 0.5995 6
  228.094 0.4183 4
  229.052 0.2501 2
  235.057 0.1656 2
  236.067 0.1988 2
  237.073 2.4268 24
  238.080 1.233 12
  239.089 5.5334 55
  239.219 0.1644 2
  240.092 1.2728 13
  241.049 1.4723 15
  242.061 0.6761 7
  243.066 0.2758 3
  244.090 0.8562 9
  245.044 0.2725 3
  246.051 0.1951 2
  247.057 0.1524 2
  248.065 1.1095 11
  249.072 1.2246 12
  250.080 10.5201 105
  251.085 3.4969 35
  251.217 0.1642 2
  252.095 19.3108 193
  253.101 6.7656 68
  253.290 0.1217 1
  254.105 1.0474 10
  255.084 0.2169 2
  263.031 0.2793 3
  263.087 0.3277 3
  264.039 0.3567 4
  265.049 3.4975 35
  265.173 0.1338 1
  266.057 1.944 19
  267.065 2.1937 22
  268.091 11.0934 111
  269.094 2.6435 26
  270.053 0.8239 8
  271.059 6.5881 66
  272.063 1.7645 18
  273.062 0.4375 4
  274.081 0.3061 3
  276.041 0.3382 3
  277.049 1.1174 11
  278.056 0.9509 9
  279.064 2.0925 21
  280.067 0.5382 5
  281.080 4.1375 41
  282.082 1.105 11
  283.073 0.3987 4
  287.091 0.2814 3
  289.104 0.3525 4
  293.045 0.1852 2
  294.052 0.9141 9
  295.059 61.5054 614
  296.065 39.8552 398
  296.509 0.1173 1
  297.074 56.8138 568
  297.828 0.1851 2
  298.076 14.1156 141
  298.422 0.1546 2
  299.076 3.3271 33
  300.088 0.815 8
  301.098 0.2479 2
  302.111 0.4132 4
  303.114 0.1931 2
  311.087 0.1685 2
  313.104 0.8111 8
  314.108 0.3276 3
  315.117 0.3019 3
  316.071 0.1647 2
  321.073 0.1908 2
  324.096 0.7498 7
  325.102 0.322 3
  326.111 2.1699 22
  327.117 1.5971 16
  328.125 1.245 12
  329.130 0.7519 8
  330.137 0.2182 2
  339.063 0.2151 2
  340.069 0.1553 2
  341.075 0.2296 2
  342.097 0.5016 5
  343.105 0.4077 4
  344.111 0.5322 5
  345.091 0.4049 4
  346.086 0.2294 2
  347.090 1.4952 15
  348.095 0.5694 6
  349.095 0.1336 1
  352.070 0.2757 3
  353.079 0.5958 6
  354.086 0.2743 3
  355.095 4.7677 48
  356.099 2.1046 21
  357.100 0.5768 6
  358.089 0.322 3
  359.090 1.0903 11
  360.092 0.3262 3
  369.078 0.231 2
  370.080 0.1668 2
  371.090 4.1019 41
  371.363 0.1383 1
  372.095 1.8829 19
  373.106 34.7607 347
  374.113 100 999
  375.116 31.8568 318
  376.116 7.7093 77
  377.117 1.3264 13
  378.120 0.1892 2
//
