ACCESSION: MSBNK-MSSJ-MSJ04183
RECORD_TITLE: ((4-tert-Butylphenyl)ethynyl)diphenylsilane; GC-EI-TOF; MS; POSITIVE; 70 V
DATE: 2025.09.01
AUTHORS: Eiyu Imai and Takemichi Nakamura, Molecular Structure Characterization Unit, RIKEN, Japan
LICENSE: CC BY
COPYRIGHT: Eiyu Imai, Molecular Structure Characterization Unit, RIKEN, Japan
PUBLICATION: Yuanhong Ma, et al., B(C6F5)3/Amine-Catalyzed C(sp)−H Silylation of Terminal Alkynes with Hydrosilanes: Experimental and Theoretical Studies. Angew. Chem. Int. Ed. 2018, 57, 15222 –15226. DOI: 10.1002/anie.201809533.
COMMENT: The compound analyzed, CH$NAME, is identical to the substance "4b" in Table 3. of the PUBLICATION.
COMMENT: Original ID of the mass spectral data is A_20170804_ma4MB/MYH-1339
COMMENT: JMS-T100GCV (JEOL, Akishima, Japan) is a reflectron time-of-flight (reTOF) mass spectrometer. Resolving power (FWHM, nominal) was 7000.
COMMENT: Typical accuracy level of the m/z value expected was 5 ppm. Postrun m/z was adjusted with the known mass 340.1647.
COMMENT: EI voltage was 70 V. Temperature of the ion-source and GC-transfer line were 200 C and 250 C, respectively. 
CH$NAME: ((4-tert-Butylphenyl)ethynyl)diphenylsilane
CH$COMPOUND_CLASS: Non-natural compound
CH$FORMULA: C24H24Si
CH$EXACT_MASS: 340.164727
CH$SMILES: CC(C)(C)c1ccc(cc1)C#C[SiH](c1ccccc1)c1ccccc1
CH$IUPAC: InChI=1S/C24H24Si/c1-24(2,3)21-16-14-20(15-17-21)18-19-25(22-10-6-4-7-11-22)23-12-8-5-9-13-23/h4-17,25H,1-3H3
CH$LINK: INCHIKEY ANQBWTJGKHTCCV-UHFFFAOYSA-N
CH$LINK: ChemOnt CHEMONTID:0002811; Organic compounds; Benzenoids; Benzene and substituted derivatives; Phenylpropanes
AC$INSTRUMENT: JMS-T100GCV (JEOL, Akishima, Japan) coupled to Agilent 7890A (Santa Clara, CA, USA) gas chromatograph.
AC$INSTRUMENT_TYPE: GC-EI-TOF
AC$MASS_SPECTROMETRY: MS_TYPE MS
AC$MASS_SPECTROMETRY: ION_MODE POSITIVE
AC$MASS_SPECTROMETRY: IONIZATION EI
AC$CHROMATOGRAPHY: CARRIER_GAS He, flow rate 1.5 ml/min
AC$CHROMATOGRAPHY: COLUMN_NAME HP-5 19091J-413 USD364547H (Agilent, Wilmington, USA) with the length 30.0 m, I.D. 0.32 mm, and thickness 0.25 micrometer.
AC$CHROMATOGRAPHY: COLUMN_TEMPERATURE Initial oven temperature at 70 C for 4 min and ramped at the rate of 30 C/min to 320 C and held at the final temperature for 7.67 min.
AC$CHROMATOGRAPHY: INJECTION_TEMPERATURE 250 C
AC$CHROMATOGRAPHY: RETENTION_TIME 12.43 min
PK$SPLASH: splash10-004l-1869000000-e54e1d2fcee7628efab2
PK$NUM_PEAK: 258
PK$PEAK: m/z int. rel.int.
  27.024 0.7265 7
  27.978 1.2404 12
  28.006 2.8339 28
  28.985 0.4854 5
  29.040 2.2526 23
  31.990 1.0415 10
  39.024 2.3592 24
  41.040 8.3262 83
  42.045 0.3408 3
  43.001 1.2124 12
  50.017 0.4535 5
  51.025 2.0438 20
  52.032 0.5547 6
  52.985 5.2608 53
  53.040 0.3601 4
  53.988 0.4414 4
  55.001 0.4165 4
  55.056 0.5968 6
  57.072 5.4023 54
  63.024 0.3731 4
  65.040 0.5069 5
  67.001 0.5348 5
  71.013 0.4413 4
  75.024 0.357 4
  76.033 0.3491 3
  76.986 1.2232 12
  77.040 2.9406 29
  77.992 0.4734 5
  78.049 4.7286 47
  79.001 3.1087 31
  79.054 0.5804 6
  80.005 0.4045 4
  81.016 0.2231 2
  89.040 0.531 5
  90.049 0.2992 3
  91.056 2.7025 27
  93.017 0.401 4
  96.020 0.2035 2
  100.986 0.2542 3
  101.040 0.3678 4
  101.993 0.3155 3
  102.049 0.703 7
  102.524 1.7473 17
  103.002 4.3931 44
  103.056 2.1949 22
  104.007 1.306 13
  104.061 0.2248 2
  105.017 43.2221 432
  105.471 0.1305 1
  106.023 8.6843 87
  107.023 1.8525 19
  108.023 0.378 4
  109.028 0.9487 9
  109.532 4.106 41
  110.035 2.0359 20
  110.539 1.407 14
  111.040 0.2883 3
  115.056 7.6994 77
  115.532 0.281 3
  116.060 0.9857 10
  117.018 0.666 7
  117.072 0.5212 5
  118.024 0.1868 2
  118.080 0.4045 4
  119.033 1.1314 11
  119.087 0.7634 8
  120.036 0.1959 2
  121.048 0.9696 10
  122.039 0.3347 3
  122.540 1.7325 17
  123.042 0.6368 6
  123.547 4.0604 41
  124.049 1.001 10
  124.548 0.2574 3
  126.048 0.5469 5
  127.056 1.4364 14
  128.010 0.6904 7
  128.064 2.8643 29
  129.017 11.5143 115
  130.021 2.2318 22
  131.032 2.4187 24
  132.034 0.3531 4
  133.032 0.185 2
  134.037 0.176 2
  139.056 0.738 7
  140.053 0.1673 2
  141.018 0.5151 5
  141.072 0.9594 10
  142.026 1.2309 12
  142.079 0.367 4
  143.033 2.6524 26
  143.087 2.359 24
  144.035 0.4877 5
  144.091 0.2675 3
  145.048 11.081 111
  146.050 1.8948 19
  147.046 1.4669 15
  147.546 0.3446 3
  148.051 4.3262 43
  148.554 2.2129 22
  149.054 0.6073 6
  150.049 0.2623 3
  151.057 0.5192 5
  152.064 1.5874 16
  153.018 2.2472 22
  153.071 0.7749 8
  154.024 1.2583 13
  154.080 0.683 7
  155.033 8.6656 87
  156.036 1.4116 14
  157.038 0.4355 4
  158.109 0.2503 3
  159.063 0.2541 3
  161.079 0.4202 4
  162.069 0.3872 4
  162.570 0.7901 8
  163.066 0.3931 4
  165.072 2.2132 22
  166.025 0.2968 3
  166.077 0.4586 5
  167.033 1.6194 16
  167.087 0.9675 10
  168.038 0.41 4
  169.049 5.7103 57
  170.054 1.9838 20
  171.059 0.6758 7
  176.065 0.6717 7
  177.018 0.4181 4
  177.071 0.3622 4
  178.024 0.3197 3
  178.080 3.3989 34
  179.034 3.1091 31
  179.085 1.3798 14
  180.041 8.8574 88
  181.048 34.4346 344
  181.617 0.1201 1
  181.715 0.1263 1
  182.053 9.3062 93
  183.062 6.6595 67
  184.064 1.0883 11
  185.077 0.6701 7
  189.073 1.9347 19
  190.078 0.7184 7
  191.034 0.3927 4
  191.088 5.8886 59
  192.040 0.2411 2
  192.093 1.1354 11
  193.049 0.8129 8
  194.053 0.2302 2
  195.064 1.1057 11
  195.118 1.0519 11
  196.066 0.2232 2
  196.121 0.1719 2
  197.080 2.0837 21
  198.082 0.3715 4
  200.065 0.2533 3
  201.071 0.3824 4
  202.081 3.5306 35
  203.034 0.8148 8
  203.087 2.5759 26
  204.041 2.4434 24
  204.096 2.514 25
  205.049 7.6132 76
  206.055 7.6264 76
  207.064 15.0369 150
  208.066 2.9894 30
  209.065 0.7652 8
  213.073 0.1995 2
  215.088 1.6276 16
  216.041 0.173 2
  216.094 0.6134 6
  217.049 2.0625 21
  218.054 0.7764 8
  218.111 0.5266 5
  219.064 2.1535 22
  219.120 7.3591 74
  220.068 0.6301 6
  220.123 1.3306 13
  221.080 7.2776 73
  222.083 1.5454 15
  223.093 1.3601 14
  224.096 0.2622 3
  226.080 0.1969 2
  228.041 0.4058 4
  229.049 0.9306 9
  230.055 0.5638 6
  231.064 1.679 17
  232.070 0.7835 8
  233.080 4.5128 45
  234.083 0.979 10
  234.142 0.5016 5
  235.082 0.2811 3
  239.089 0.3109 3
  241.049 0.5566 6
  242.054 0.2635 3
  243.064 0.5914 6
  244.071 0.2784 3
  245.080 3.9744 40
  246.084 1.1978 12
  247.096 36.7155 367
  248.099 9.6915 97
  249.098 2.277 23
  249.263 0.1349 1
  250.097 0.4233 4
  252.096 0.8512 9
  253.102 0.4177 4
  254.056 0.2238 2
  255.065 0.5723 6
  257.080 0.7193 7
  258.084 0.2044 2
  259.094 0.1761 2
  261.111 0.4485 4
  262.118 18.4275 184
  263.124 8.4916 85
  264.124 2.0217 20
  265.113 0.8571 9
  266.112 0.2376 2
  267.117 0.2444 2
  269.079 0.1939 2
  271.093 0.2405 2
  276.097 0.1969 2
  278.057 0.3834 4
  279.064 0.734 7
  280.069 0.2789 3
  281.080 1.5453 15
  282.086 1.0152 10
  283.096 15.3529 153
  284.099 4.4116 44
  285.100 1.1323 11
  286.098 0.1958 2
  293.079 0.2276 2
  295.094 0.4364 4
  296.100 0.3106 3
  297.112 2.8633 29
  298.114 0.7803 8
  299.121 0.2635 3
  305.080 0.2435 2
  307.095 1.0867 11
  308.099 0.3522 4
  309.112 5.0487 50
  310.115 1.6751 17
  311.117 0.4556 5
  321.111 0.4977 5
  322.117 0.203 2
  323.126 9.5178 95
  324.131 4.1723 42
  325.142 100 999
  326.145 29.5567 295
  327.144 7.1041 71
  327.993 0.1167 1
  328.145 1.1663 12
  328.301 0.1303 1
  329.147 0.1488 1
  339.157 9.1065 91
  340.165 80.3895 803
  341.168 24.3716 243
  342.167 5.8011 58
  343.167 0.9894 10
//
