ACCESSION: MSBNK-MSSJ-MSJ04254
RECORD_TITLE: 1-Chloro-4-(2-((1R,2R)-2-methyl-2-phenylcyclopropyl)ethynyl)benzene; GC-EI-TOF; MS; POSITIVE; 70 V
DATE: 2025.09.01
AUTHORS: Eiyu Imai and Takemichi Nakamura, Molecular Structure Characterization Unit, RIKEN, Japan
LICENSE: CC BY
COPYRIGHT: Eiyu Imai, Molecular Structure Characterization Unit, RIKEN, Japan
PUBLICATION: Huai-Long Teng, et al., Asymmetric C(sp)−H Addition of Terminal Alkynes to Cyclopropenes by a Chiral Gadolinium Catalyst. ACS Catal. 2018, 8, 4705−4709. DOI: 10.1021/acscatal.8b01189.
COMMENT: The compound analyzed, CH$NAME, is identical to the substance "4e" in Table 3 of the PUBLICATION.
COMMENT: Original ID of the mass spectral data is A_20180131_teng4MB/teng-7-19c.
COMMENT: JMS-T100GCV (JEOL, Akishima, Japan) is a reflectron time-of-flight (reTOF) mass spectrometer. Resolving power (FWHM, nominal) was 7000.
COMMENT: Typical accuracy level of the m/z value expected was 5 ppm. Postrun m/z was adjusted with the known mass 266.0862.
COMMENT: EI voltage was 70 V. Temperature of the ion-source and GC-transfer line were 200 C and 250 C, respectively. 
CH$NAME: 1-Chloro-4-(2-((1R,2R)-2-methyl-2-phenylcyclopropyl)ethynyl)benzene
CH$COMPOUND_CLASS: Non-natural compound
CH$FORMULA: C18H15Cl
CH$EXACT_MASS: 266.086228
CH$SMILES: C[C@]1(C[C@H]1C#Cc1ccc(Cl)cc1)c1ccccc1
CH$IUPAC: InChI=1S/C18H15Cl/c1-18(15-5-3-2-4-6-15)13-16(18)10-7-14-8-11-17(19)12-9-14/h2-6,8-9,11-12,16H,13H2,1H3/t16-,18+/m1/s1
CH$LINK: INCHIKEY JNKRZMCOBCVCDE-AEFFLSMTSA-N
AC$INSTRUMENT: JMS-T100GCV (JEOL, Akishima, Japan) coupled to Agilent 7890A (Santa Clara, CA, USA) gas chromatograph.
AC$INSTRUMENT_TYPE: GC-EI-TOF
AC$MASS_SPECTROMETRY: MS_TYPE MS
AC$MASS_SPECTROMETRY: ION_MODE POSITIVE
AC$MASS_SPECTROMETRY: IONIZATION EI
AC$CHROMATOGRAPHY: CARRIER_GAS He, flow rate 1.5 ml/min
AC$CHROMATOGRAPHY: COLUMN_NAME HP-5 19091J-413 USD364547H (Agilent, Wilmington, USA) with the length 30.0 m, I.D. 0.32 mm, and thickness 0.25 micrometer.
AC$CHROMATOGRAPHY: COLUMN_TEMPERATURE Initial oven temperature at 70 C for 4 min and ramped at the rate of 30 C/min to 320 C and held at the final temperature for 1.67 min.
AC$CHROMATOGRAPHY: INJECTION_TEMPERATURE 250 C
AC$CHROMATOGRAPHY: RETENTION_TIME 11.04 min
PK$SPLASH: splash10-014i-2590000000-1330092e677bf572a574
PK$NUM_PEAK: 219
PK$PEAK: m/z int. rel.int.
  27.024 2.2926 23
  28.007 2.8224 28
  28.028 0.2027 2
  29.040 0.3040 3
  31.991 1.5870 16
  38.016 0.4351 4
  39.025 7.2432 72
  39.076 0.1411 1
  40.031 0.5080 5
  41.040 1.2046 12
  50.017 2.9963 30
  51.025 11.3082 113
  51.090 0.2175 2
  52.032 2.6297 26
  53.040 1.4345 14
  61.009 0.4026 4
  62.017 2.7508 27
  63.025 11.5413 115
  64.031 1.1461 11
  65.040 4.7854 48
  66.046 0.3808 4
  72.986 1.2402 12
  74.017 2.7276 27
  74.982 0.4309 4
  75.025 5.6987 57
  75.090 0.1719 2
  76.032 3.3674 34
  77.040 21.2268 212
  77.177 0.1553 2
  78.048 9.0637 91
  79.055 2.0657 21
  81.025 0.1861 2
  81.528 0.3036 3
  82.032 0.2490 2
  84.986 0.2812 3
  85.010 0.3552 4
  86.017 2.7041 27
  87.025 5.2996 53
  88.032 2.2576 23
  89.040 4.5045 45
  90.046 0.7512 8
  91.056 21.9731 220
  91.192 0.1833 2
  92.059 1.6050 16
  93.528 0.6488 6
  94.032 0.9158 9
  94.537 4.1407 41
  95.040 1.5663 16
  95.541 0.2988 3
  96.986 1.0223 10
  98.017 0.8248 8
  99.024 1.6434 16
  99.519 0.1951 2
  100.032 1.5303 15
  100.536 0.4555 5
  100.998 0.3555 4
  101.040 8.8904 89
  101.543 1.3329 13
  102.048 5.9460 59
  103.056 13.0004 130
  104.062 2.3033 23
  105.071 2.2984 23
  105.528 0.2289 2
  106.032 0.6820 7
  106.074 0.2746 3
  106.537 4.5671 46
  106.605 0.1968 2
  107.040 6.4167 64
  107.105 0.1767 2
  107.544 12.0186 120
  107.616 0.2704 3
  108.048 8.4205 84
  108.109 0.1971 2
  108.549 1.3681 14
  110.016 0.6578 7
  111.024 0.8165 8
  112.030 0.6318 6
  112.528 0.5191 5
  113.040 21.9275 219
  113.543 0.8802 9
  114.047 10.8119 108
  114.551 1.5525 16
  115.056 34.4001 344
  115.557 0.4966 5
  116.061 4.7210 47
  117.071 5.4739 55
  117.154 0.1677 2
  118.021 0.4613 5
  118.078 1.7451 17
  119.028 1.3920 14
  119.528 0.2352 2
  120.027 0.3932 4
  122.017 0.1964 2
  123.001 0.9773 10
  124.032 0.1812 2
  124.525 0.4486 4
  125.017 11.4403 114
  125.532 1.5428 15
  126.048 5.8153 58
  126.531 0.4887 5
  127.014 3.4528 34
  127.056 9.6191 96
  127.181 0.1650 2
  128.017 0.2684 3
  128.063 9.9459 99
  128.147 0.1857 2
  129.071 7.9287 79
  129.162 0.1608 2
  130.078 4.5298 45
  131.084 0.4233 4
  133.044 1.1752 12
  133.547 0.2687 3
  134.045 0.3303 3
  136.010 2.9147 29
  137.017 1.5449 15
  138.008 0.9798 10
  139.013 0.5243 5
  139.056 3.3110 33
  140.062 0.7733 8
  141.071 11.8245 118
  142.075 1.5639 16
  147.002 1.2108 12
  148.009 3.9329 39
  149.017 9.6772 97
  150.047 1.6936 17
  151.014 2.9721 30
  151.055 3.2246 32
  152.064 10.5761 106
  153.071 11.4341 114
  154.078 5.6154 56
  155.087 8.0241 80
  156.091 0.9483 9
  160.009 1.0617 11
  161.020 0.6605 7
  162.024 2.5851 26
  163.055 1.4103 14
  164.022 0.7978 8
  165.071 1.7071 17
  166.077 0.3811 4
  173.017 0.9898 10
  174.045 0.3725 4
  175.032 2.6695 27
  176.063 1.4491 14
  177.030 0.8010 8
  178.079 0.8072 8
  179.086 0.3012 3
  186.033 0.2988 3
  187.055 1.4767 15
  188.051 1.5836 16
  189.071 6.2614 63
  190.076 1.5628 16
  191.086 1.0984 11
  192.090 0.2587 3
  199.034 0.5630 6
  200.063 1.7237 17
  201.069 1.5784 16
  202.079 8.0857 81
  203.086 4.3579 44
  204.092 1.3578 14
  205.099 0.3680 4
  211.056 0.4178 4
  212.048 0.6229 6
  213.071 7.0582 71
  213.206 0.2376 2
  214.077 2.6626 27
  214.215 0.1812 2
  215.087 100 999
  215.758 0.3707 4
  216.094 83.1439 831
  216.805 0.3718 4
  217.098 13.3549 133
  217.897 0.2269 2
  218.101 1.0832 11
  218.333 0.2455 2
  219.011 0.1255 1
  219.098 0.1580 2
  223.031 0.3175 3
  224.062 0.4226 4
  225.048 4.3908 44
  226.078 3.3342 33
  226.197 0.1733 2
  227.085 2.6024 26
  228.094 6.3952 64
  228.230 0.2839 3
  229.102 10.9669 110
  230.109 10.6670 107
  231.117 15.2203 152
  231.333 0.1774 2
  232.121 2.6173 26
  233.126 0.2808 3
  236.040 1.2948 13
  237.045 0.5955 6
  238.050 0.8231 8
  239.058 0.5105 5
  240.056 0.3057 3
  249.048 3.3671 34
  250.053 1.2824 13
  251.063 53.3057 533
  251.841 0.1916 2
  252.066 9.6153 96
  252.308 0.2210 2
  252.440 0.1338 1
  252.959 0.1390 1
  253.061 17.4375 174
  254.063 3.0793 31
  254.199 0.1304 1
  255.069 0.2327 2
  263.064 0.3036 3
  264.070 0.2296 2
  265.079 7.2484 72
  265.209 0.3074 3
  266.086 74.3416 743
  266.898 0.2480 2
  267.088 15.3676 154
  267.330 0.2480 2
  268.084 23.9278 239
  268.682 0.1252 1
  269.087 4.4952 45
  270.090 0.4081 4
//
