ACCESSION: MSBNK-MSSJ-MSJ04257
RECORD_TITLE: 1-(((1S,2R)-2-Methyl-2-phenylcyclopropyl)ethynyl)-4-(trifluoromethyl)benzene; GC-EI-TOF; MS; POSITIVE; 70 V
DATE: 2025.09.01
AUTHORS: Eiyu Imai and Takemichi Nakamura, Molecular Structure Characterization Unit, RIKEN, Japan
LICENSE: CC BY
COPYRIGHT: Eiyu Imai, Molecular Structure Characterization Unit, RIKEN, Japan
PUBLICATION: Huai-Long Teng, et al., Asymmetric C(sp)−H Addition of Terminal Alkynes to Cyclopropenes by a Chiral Gadolinium Catalyst. ACS Catal. 2018, 8, 4705−4709. DOI: 10.1021/acscatal.8b01189.
COMMENT: The compound analyzed, CH$NAME, is identical to the substance "4b" in Table 3 of the PUBLICATION.
COMMENT: Original ID of the mass spectral data is A_20180131_teng4MB/teng-7-19g.
COMMENT: JMS-T100GCV (JEOL, Akishima, Japan) is a reflectron time-of-flight (reTOF) mass spectrometer. Resolving power (FWHM, nominal) was 7000.
COMMENT: Typical accuracy level of the m/z value expected was 5 ppm. Postrun m/z was adjusted with the known mass 300.1126.
COMMENT: EI voltage was 70 V. Temperature of the ion-source and GC-transfer line were 200 C and 250 C, respectively. 
CH$NAME: 1-(((1S,2R)-2-Methyl-2-phenylcyclopropyl)ethynyl)-4-(trifluoromethyl)benzene
CH$COMPOUND_CLASS: Non-natural compound
CH$FORMULA: C19H15F3
CH$EXACT_MASS: 300.112584
CH$SMILES: C[C@]1(C[C@H]1C#Cc1ccc(cc1)C(F)(F)F)c1ccccc1
CH$IUPAC: InChI=1S/C19H15F3/c1-18(15-5-3-2-4-6-15)13-17(18)12-9-14-7-10-16(11-8-14)19(20,21)22/h2-8,10-11,17H,13H2,1H3/t17-,18+/m1/s1
CH$LINK: INCHIKEY BRPWNALQOQYHBO-MSOLQXFVSA-N
CH$LINK: ChemOnt CHEMONTID:0001392; Organic compounds; Lignans, neolignans and related compounds
AC$INSTRUMENT: JMS-T100GCV (JEOL, Akishima, Japan) coupled to Agilent 7890A (Santa Clara, CA, USA) gas chromatograph.
AC$INSTRUMENT_TYPE: GC-EI-TOF
AC$MASS_SPECTROMETRY: MS_TYPE MS
AC$MASS_SPECTROMETRY: ION_MODE POSITIVE
AC$MASS_SPECTROMETRY: IONIZATION EI
AC$CHROMATOGRAPHY: CARRIER_GAS He, flow rate 1.5 ml/min
AC$CHROMATOGRAPHY: COLUMN_NAME HP-5 19091J-413 USD364547H (Agilent, Wilmington, USA) with the length 30.0 m, I.D. 0.32 mm, and thickness 0.25 micrometer.
AC$CHROMATOGRAPHY: COLUMN_TEMPERATURE Initial oven temperature at 70 C for 4 min and ramped at the rate of 30 C/min to 320 C and held at the final temperature for 1.67 min.
AC$CHROMATOGRAPHY: INJECTION_TEMPERATURE 250 C
AC$CHROMATOGRAPHY: RETENTION_TIME 10.27 min
PK$SPLASH: splash10-0gbi-3692000000-2d14f36336f0bfe72f02
PK$NUM_PEAK: 267
PK$PEAK: m/z int. rel.int.
  27.024 2.5643 26
  28.007 1.6609 17
  29.040 0.3081 3
  31.991 0.9760 10
  38.017 0.3500 3
  39.025 6.9902 70
  40.031 0.5005 5
  41.040 1.4447 14
  50.017 2.7846 28
  51.025 11.6508 116
  52.032 2.8859 29
  53.040 1.6134 16
  57.016 0.6369 6
  62.017 1.9722 20
  63.025 7.5937 76
  64.031 0.9623 10
  65.040 5.1837 52
  66.045 0.3920 4
  68.997 2.4928 25
  74.017 2.1753 22
  75.025 3.5038 35
  76.032 3.0281 30
  77.040 23.1075 231
  77.172 0.1747 2
  78.048 10.3113 103
  79.055 2.5401 25
  81.016 0.5791 6
  83.031 0.3325 3
  86.017 1.3509 13
  87.025 2.9488 29
  88.032 1.2306 12
  89.041 3.4612 35
  90.046 0.5849 6
  91.056 29.3978 294
  91.530 0.2389 2
  92.059 2.2730 23
  93.015 0.1717 2
  94.028 0.4868 5
  94.537 1.0758 11
  95.035 1.0161 10
  96.038 0.2590 3
  98.017 0.5474 5
  99.024 0.8204 8
  100.032 0.5753 6
  100.533 0.1773 2
  101.040 2.9129 29
  101.542 0.3633 4
  102.048 5.7979 58
  103.056 15.8761 159
  103.531 0.3740 4
  104.062 3.7380 37
  104.539 0.3132 3
  105.015 0.3723 4
  105.071 3.5828 36
  106.026 0.7666 8
  106.075 0.3325 3
  106.536 1.3089 13
  107.038 3.1462 31
  107.544 4.5787 46
  108.048 4.7275 47
  108.549 0.7752 8
  109.047 0.5044 5
  110.035 0.7238 7
  111.025 0.6859 7
  112.024 0.4068 4
  113.040 3.7095 37
  113.543 0.3485 3
  114.048 2.8234 28
  114.550 0.5438 5
  115.056 35.8038 358
  115.532 0.2387 2
  116.061 5.1058 51
  116.539 0.9720 10
  117.071 6.0653 61
  117.547 0.6106 6
  118.078 1.8230 18
  119.031 0.7457 7
  119.081 0.1805 2
  120.039 2.0764 21
  121.040 0.1531 2
  122.035 0.4761 5
  123.028 0.5774 6
  125.036 0.9349 9
  125.535 0.4374 4
  126.047 2.8514 28
  126.542 0.2698 3
  127.055 5.4988 55
  128.064 11.1719 112
  129.071 9.0649 91
  130.079 5.0505 50
  131.031 1.7343 17
  131.083 0.5294 5
  132.039 9.2021 92
  132.542 1.8073 18
  133.046 5.6787 57
  133.132 0.1398 1
  133.548 0.2601 3
  134.050 0.4616 5
  136.042 1.2402 12
  136.544 0.2449 2
  137.027 0.5712 6
  137.533 0.1888 2
  138.039 0.5738 6
  138.543 0.4042 4
  139.053 3.4023 34
  139.550 0.3862 4
  140.056 1.5256 15
  140.558 0.2745 3
  141.072 19.7962 198
  141.538 0.2560 3
  142.075 2.4119 24
  142.546 0.8253 8
  143.031 1.5211 15
  144.038 1.0069 10
  145.032 1.1895 12
  146.054 2.1567 22
  147.057 0.2124 2
  149.036 0.2550 3
  150.056 3.0940 31
  150.559 0.5247 5
  151.041 4.8709 49
  152.064 7.7037 77
  152.206 0.1648 2
  153.071 9.1726 92
  154.078 4.3329 43
  155.032 0.1978 2
  155.087 13.4421 134
  156.023 0.6547 7
  156.091 1.6718 17
  157.046 0.9315 9
  158.048 0.1721 2
  159.044 1.2550 13
  161.022 0.8225 8
  162.030 2.2571 23
  163.044 1.1826 12
  164.047 1.2762 13
  165.069 1.5596 16
  166.075 0.3449 3
  168.038 0.2149 2
  169.029 1.4136 14
  170.037 2.0893 21
  171.043 1.0927 11
  172.059 0.2451 2
  174.042 0.2158 2
  175.038 3.1659 32
  176.059 0.9373 9
  177.054 2.0972 21
  178.078 0.7679 8
  179.085 0.3706 4
  180.019 0.3031 3
  181.029 1.3124 13
  182.036 6.5706 66
  182.163 0.1516 2
  183.045 8.4556 84
  184.049 0.9732 10
  185.059 0.6483 6
  186.035 0.2603 3
  187.055 0.7540 8
  188.054 0.9523 10
  189.071 4.2828 43
  190.076 1.1961 12
  191.087 0.8756 9
  193.028 0.5937 6
  194.037 0.5476 5
  195.043 2.3423 23
  196.051 2.0604 21
  197.057 0.3991 4
  199.039 0.3053 3
  200.063 0.8823 9
  201.058 1.8585 19
  202.079 6.0835 61
  202.203 0.1499 1
  203.084 3.5802 36
  203.193 0.1332 1
  204.092 0.8471 8
  205.041 0.1678 2
  205.100 0.2702 3
  206.036 0.6343 6
  207.047 1.3849 14
  208.053 0.2291 2
  209.060 0.8165 8
  211.050 0.2160 2
  212.058 0.2601 3
  213.071 3.6191 36
  214.077 1.5408 15
  215.087 74.2348 742
  215.820 0.2659 3
  216.094 50.7794 507
  216.835 0.2809 3
  217.098 7.8302 78
  217.889 0.1456 1
  218.101 0.6632 7
  218.358 0.1231 1
  218.403 0.1374 1
  219.047 0.4986 5
  220.068 1.0379 10
  221.063 0.7392 7
  222.066 2.1499 21
  223.072 0.8737 9
  224.064 0.3532 4
  225.061 0.4404 4
  226.079 2.0071 20
  227.085 1.5339 15
  228.094 3.5369 35
  229.102 4.2364 42
  230.109 2.9413 29
  231.118 11.0867 111
  232.121 2.0655 21
  233.073 2.4282 24
  234.078 0.5292 5
  235.077 0.4489 4
  236.048 0.1535 2
  238.061 0.9495 9
  239.076 0.5742 6
  240.078 0.2687 3
  242.054 0.1940 2
  243.057 0.2344 2
  244.069 1.2368 12
  245.076 1.4316 14
  246.073 1.3042 13
  247.081 0.3196 3
  249.052 0.2650 3
  251.068 1.9148 19
  252.073 0.4346 4
  253.085 0.2668 3
  256.054 0.3216 3
  257.066 0.8904 9
  258.071 0.3933 4
  259.076 7.6928 77
  260.081 1.5894 16
  261.100 0.3198 3
  262.060 1.1897 12
  263.066 0.5213 5
  264.076 3.5145 35
  264.208 0.1372 1
  265.084 9.4809 95
  266.089 2.7692 28
  267.093 0.3695 4
  268.060 0.1263 1
  269.059 1.1496 11
  270.066 12.2118 122
  271.072 3.7530 37
  272.080 1.5446 15
  273.087 0.6881 7
  274.092 0.2520 3
  275.066 0.2839 3
  277.083 0.3053 3
  279.099 0.8112 8
  280.102 0.2524 3
  281.115 7.9786 80
  282.118 1.6677 17
  283.074 16.7939 168
  284.081 11.8705 119
  284.326 0.1422 1
  285.089 97.1920 971
  285.838 0.2999 3
  286.093 18.0583 180
  287.097 1.7855 18
  288.310 0.1507 2
  296.080 0.5025 5
  297.088 1.0816 11
  298.096 0.5389 5
  299.105 12.3036 123
  300.113 100 999
  300.733 0.1674 2
  301.116 19.7738 198
  302.120 1.9638 20
//
