ACCESSION: MSBNK-MSSJ-MSJ04306
RECORD_TITLE: 1-(2-Allyl-4-(trifluoromethyl)phenyl)prop-2-en-1-ol; GC-EI-TOF; MS; POSITIVE; 70 V
DATE: 2025.09.01
AUTHORS: Eiyu Imai and Takemichi Nakamura, Molecular Structure Characterization Unit, RIKEN, Japan
LICENSE: CC BY
COPYRIGHT: Eiyu Imaia, Molecular Structure Characterization Unit, RIKEN, Japan
PUBLICATION: I. Nasibullin, H. Yoshioka, A. Mukaimine, A. Nakamura, Y. Kusakari, T.-C. Chang and K. Tanaka, Catalytic olefin metathesis in blood, Chem. Sci., 2023, 14, 11033–11039. DOI: 10.1039/d3sc03785a.
COMMENT: The compound analyzed, CH$NAME, is identical to the product of (B) R1=H "26" in Fig 3 of PUBLICATION.
COMMENT: Original ID of the mass spectral data is A_20221031_mukaimine4MB/2211_IN-4.
COMMENT: JMS-T100GCV (JEOL, Akishima, Japan) is a reflectron time-of-flight (reTOF) mass spectrometer. Resolving power (FWHM, nominal) was 7000.
COMMENT: Typical accuracy level of the m/z value expected was 5 ppm. Postrun m/z was adjusted with the known mass 224.0813.
COMMENT: EI voltage was 70 V. Temperature of the ion-source and GC-transfer line were 200 C and 250 C, respectively.
CH$NAME: 1-(2-Allyl-4-(trifluoromethyl)phenyl)prop-2-en-1-ol
CH$COMPOUND_CLASS: Non-natural compound
CH$FORMULA: C13H13F3O
CH$EXACT_MASS: 242.091849
CH$SMILES: OC(C=C)c1ccc(cc1CC=C)C(F)(F)F
CH$IUPAC: InChI=1S/C13H13F3O/c1-3-5-9-8-10(13(14,15)16)6-7-11(9)12(17)4-2/h3-4,6-8,12,17H,1-2,5H2
CH$LINK: INCHIKEY HXGYCDOXGSSOAU-UHFFFAOYSA-N
AC$INSTRUMENT: JMS-T100GCV (JEOL, Akishima, Japan) coupled to Agilent 7890A (Santa Clara, CA, USA) gas chromatograph.
AC$INSTRUMENT_TYPE: GC-EI-TOF
AC$MASS_SPECTROMETRY: MS_TYPE MS
AC$MASS_SPECTROMETRY: ION_MODE POSITIVE
AC$MASS_SPECTROMETRY: IONIZATION EI
AC$CHROMATOGRAPHY: CARRIER_GAS He, flow rate 1.0/min
AC$CHROMATOGRAPHY: COLUMN_NAME DB-5MS UI 122-5532UI US0462866H (Agilent, Wilmington, USA) with the length 30.0 m, I.D. 0.25 mm, and thickness 0.25 micrometer.
AC$CHROMATOGRAPHY: COLUMN_TEMPERATURE Initial oven temperature at 70 C for 4 min and ramped at the rate of 30 C/min to 325 C and held at the final temperature for 1.5 min.
AC$CHROMATOGRAPHY: INJECTION_TEMPERATURE 250 C
AC$CHROMATOGRAPHY: RETENTION_TIME 8.58 min
PK$SPLASH: splash10-0a6s-3920000000-d446da5ae252f1d9df9b
PK$NUM_PEAK: 219
PK$PEAK: m/z int. rel.int.
  26.016 1.6732 17
  27.024 22.8733 229
  28.006 2.9115 29
  28.031 2.5136 25
  29.003 6.6734 67
  29.039 9.3171 93
  30.037 0.2786 3
  31.019 7.4046 74
  31.990 1.7886 18
  38.017 1.1090 11
  39.024 19.7933 198
  40.030 1.4854 15
  41.039 22.5116 225
  41.087 0.3817 4
  42.044 1.0367 10
  43.019 11.9916 120
  43.055 0.5703 6
  44.025 0.4802 5
  45.034 1.3014 13
  50.016 3.0100 30
  51.024 8.5105 85
  52.031 1.7255 17
  53.004 1.1098 11
  53.039 2.5090 25
  54.046 0.5172 5
  55.019 35.5329 355
  55.056 1.6963 17
  56.024 2.0418 20
  57.034 15.6057 156
  57.064 0.4318 4
  58.037 0.8851 9
  59.031 0.5187 5
  62.016 2.5844 26
  63.024 9.8489 98
  64.030 2.0572 21
  65.039 4.4100 44
  66.045 0.4787 5
  67.056 0.5834 6
  68.996 4.9864 50
  70.024 0.6265 6
  71.035 0.3548 4
  72.029 1.0105 10
  72.530 0.2871 3
  73.030 0.6757 7
  74.017 2.1434 21
  75.023 4.8463 48
  75.523 0.3671 4
  76.031 3.1701 32
  76.536 0.9959 10
  77.039 7.4877 75
  77.544 0.5818 6
  78.046 2.4882 25
  79.053 0.7365 7
  79.531 0.5133 5
  81.015 1.4900 15
  82.021 1.7871 18
  83.030 2.3551 24
  86.016 1.1183 11
  87.024 2.8014 28
  88.025 1.8102 18
  88.525 0.7435 7
  89.039 6.6604 67
  90.046 1.5008 15
  91.055 6.1332 61
  92.060 0.5734 6
  93.015 0.5218 5
  94.022 0.9451 9
  95.030 3.2663 33
  96.038 1.2745 13
  99.019 1.6447 16
  100.024 0.5865 6
  101.037 2.5682 26
  102.047 4.6993 47
  103.054 3.5249 35
  104.063 0.7750 8
  104.528 0.4810 5
  105.023 0.4926 5
  105.072 0.3987 4
  106.019 0.3717 4
  107.030 2.8353 28
  108.037 1.4492 14
  109.046 11.5167 115
  110.049 0.8674 9
  112.016 0.5164 5
  113.032 1.4908 15
  114.042 1.9402 19
  115.055 44.6407 446
  115.548 0.2755 3
  116.062 15.7535 157
  117.070 8.0565 80
  118.074 0.8281 8
  119.030 5.0788 51
  120.037 2.0826 21
  121.046 0.5364 5
  122.051 0.3717 4
  123.015 0.3232 3
  125.024 2.1842 22
  126.045 2.1580 22
  127.052 11.2427 112
  128.063 33.6512 336
  128.293 0.2724 3
  129.070 29.4352 294
  129.200 0.3055 3
  130.075 4.1775 42
  131.050 8.6622 87
  132.054 1.7278 17
  133.046 13.5924 136
  133.145 0.2801 3
  134.051 2.2689 23
  135.061 0.6526 7
  137.020 1.3384 13
  138.029 2.3389 23
  139.050 2.7930 28
  140.054 1.2622 13
  141.070 4.4723 45
  142.078 2.9500 29
  143.030 1.3037 13
  143.084 1.1283 11
  144.057 8.5713 86
  144.127 0.4010 4
  145.064 16.4315 164
  146.055 8.6268 86
  147.061 2.8453 28
  148.067 0.4148 4
  149.038 0.5026 5
  150.026 0.5210 5
  151.037 12.6581 126
  152.062 5.0934 51
  153.070 10.7971 108
  153.171 0.4248 4
  154.078 8.0626 81
  155.086 43.6887 436
  156.020 0.6026 6
  156.090 6.0208 60
  156.155 0.3017 3
  157.045 1.9472 19
  158.035 4.9903 50
  159.043 23.9262 239
  160.047 2.0310 20
  161.034 0.3833 4
  162.034 0.7088 7
  163.036 2.6013 26
  164.044 15.6819 157
  165.052 20.0426 200
  166.056 2.2589 23
  167.067 1.8764 19
  168.068 0.4464 4
  169.028 2.0926 21
  170.047 1.0467 10
  171.043 2.8168 28
  172.050 1.7971 18
  173.096 3.0354 30
  174.101 0.4418 4
  175.037 2.1773 22
  176.044 0.5210 5
  177.052 43.0345 430
  178.056 5.7891 58
  179.066 1.5901 16
  180.037 0.7904 8
  181.046 1.5185 15
  182.035 4.5577 46
  183.043 25.1106 251
  183.224 0.2501 2
  184.048 5.9392 59
  185.058 9.4903 95
  186.062 2.2127 22
  187.037 5.7861 58
  187.166 0.3479 3
  188.044 2.7268 27
  189.051 1.9918 20
  190.060 0.6580 7
  191.067 3.7858 38
  192.072 0.7719 8
  193.047 7.4600 75
  193.135 0.3279 3
  194.050 1.1975 12
  195.043 10.7363 107
  195.174 0.3417 3
  196.050 100 999
  196.685 0.4318 4
  196.756 0.3386 3
  197.056 23.9724 239
  197.699 0.2894 3
  197.747 0.2555 3
  198.065 12.0331 120
  199.037 16.7771 168
  199.240 0.2994 3
  200.044 8.4143 84
  201.052 5.7814 58
  202.054 0.7519 8
  203.068 2.8245 28
  204.070 0.5118 5
  205.080 0.5726 6
  206.094 0.3217 3
  207.060 1.2876 13
  208.060 0.3810 4
  209.058 64.4124 643
  209.725 0.3017 3
  209.769 0.3848 4
  210.062 8.5944 86
  210.238 0.3748 4
  210.285 0.3409 3
  211.072 3.3325 33
  211.227 0.3440 3
  211.281 0.3425 3
  212.046 4.1629 42
  213.053 30.8066 308
  214.060 15.0970 151
  215.068 9.1255 91
  216.072 1.1606 12
  221.059 0.5418 5
  223.084 9.1686 92
  224.081 41.2328 412
  225.084 5.9000 59
  226.085 0.7973 8
  227.068 13.2684 133
  228.071 1.7778 18
  241.086 0.7104 7
  242.091 1.8633 19
//
