ACCESSION: MSBNK-MSSJ-MSJ04267
RECORD_TITLE: 2-((Z)-1-(4-Methoxyphenyl)-2-((1S,2R)-2-methyl-2-phenylcyclopropyl)vinyl)-4,4,5,5-tetramethyl-1,3,2-dioxaborolane; GC-EI-TOF; MS; POSITIVE; 70 V
DATE: 2025.09.01
AUTHORS: Eiyu Imai and Takemichi Nakamura, Molecular Structure Characterization Unit, RIKEN, Japan
LICENSE: CC BY
COPYRIGHT: Eiyu Imai, Molecular Structure Characterization Unit, RIKEN, Japan
PUBLICATION: Huai-Long Teng, et al., Asymmetric C(sp)−H Addition of Terminal Alkynes to Cyclopropenes by a Chiral Gadolinium Catalyst. ACS Catal. 2018, 8, 4705−4709. DOI: 10.1021/acscatal.8b01189.
COMMENT: Original ID of the mass spectral data is A_20180131_teng4MB/teng-7-59a.
COMMENT: JMS-T100GCV (JEOL, Akishima, Japan) is a reflectron time-of-flight (reTOF) mass spectrometer. Resolving power (FWHM, nominal) was 7000.
COMMENT: Typical accuracy level of the m/z value expected was 5 ppm. Postrun m/z was adjusted with the known mass 390.2366.
COMMENT: EI voltage was 70 V. Temperature of the ion-source and GC-transfer line were 200 C and 250 C, respectively. 
CH$NAME: 2-((Z)-1-(4-Methoxyphenyl)-2-((1S,2R)-2-methyl-2-phenylcyclopropyl)vinyl)-4,4,5,5-tetramethyl-1,3,2-dioxaborolane
CH$COMPOUND_CLASS: Non-natural compound
CH$FORMULA: C25H31BO3
CH$EXACT_MASS: 390.236626
CH$SMILES: CC1(C)OB(OC1(C)C)\C(=C\[C@@H]1C[C@@]1(C)c1ccccc1)c1ccc(OC)cc1
CH$IUPAC: InChI=1S/C25H31BO3/c1-23(2)24(3,4)29-26(28-23)22(18-12-14-21(27-6)15-13-18)16-20-17-25(20,5)19-10-8-7-9-11-19/h7-16,20H,17H2,1-6H3/b22-16+/t20-,25+/m1/s1
CH$LINK: INCHIKEY DENMSEXIDDLDBI-NLEBEUOZSA-N
AC$INSTRUMENT: JMS-T100GCV (JEOL, Akishima, Japan) coupled to Agilent 7890A (Santa Clara, CA, USA) gas chromatograph.
AC$INSTRUMENT_TYPE: GC-EI-TOF
AC$MASS_SPECTROMETRY: MS_TYPE MS
AC$MASS_SPECTROMETRY: ION_MODE POSITIVE
AC$MASS_SPECTROMETRY: IONIZATION EI
AC$CHROMATOGRAPHY: CARRIER_GAS He, flow rate 1.5 ml/min
AC$CHROMATOGRAPHY: COLUMN_NAME HP-5 19091J-413 USD364547H (Agilent, Wilmington, USA) with the length 30.0 m, I.D. 0.32 mm, and thickness 0.25 micrometer.
AC$CHROMATOGRAPHY: COLUMN_TEMPERATURE Initial oven temperature at 70 C for 4 min and ramped at the rate of 30 C/min to 320 C and held at the final temperature for 11.67 min.
AC$CHROMATOGRAPHY: INJECTION_TEMPERATURE 250 C
AC$CHROMATOGRAPHY: RETENTION_TIME 12.30 min
PK$SPLASH: splash10-0ffx-5942000000-9f42a4b28abe12a9628d
PK$NUM_PEAK: 200
PK$PEAK: m/z int. rel.int.
  27.024 2.1727 22
  28.006 37.7262 377
  29.039 3.3420 33
  31.990 21.2504 212
  37.970 1.3089 13
  39.024 4.0768 41
  41.040 23.8761 239
  42.047 5.5121 55
  43.019 11.6826 117
  43.055 10.0656 101
  43.990 2.2333 22
  45.017 1.9094 19
  45.036 1.8514 18
  51.024 2.8179 28
  51.448 1.1219 11
  52.032 1.3194 13
  53.039 3.3684 34
  55.055 19.5570 195
  56.060 1.4959 15
  57.071 9.3993 94
  57.145 1.2747 13
  58.043 1.4590 15
  59.050 8.4275 84
  65.040 3.9451 39
  67.055 2.2886 23
  68.933 1.1035 11
  69.071 9.7574 97
  73.050 2.1411 21
  76.033 1.3326 13
  77.040 21.7798 218
  78.047 10.6107 106
  79.055 3.6949 37
  83.087 37.5471 375
  84.094 15.9174 159
  85.066 3.0945 31
  85.101 3.8635 39
  89.038 2.7021 27
  90.047 2.4440 24
  91.055 27.9239 279
  92.058 3.0471 30
  101.097 55.9137 559
  101.163 1.6065 16
  102.046 4.3797 44
  102.101 4.3955 44
  103.055 23.2651 232
  104.058 3.9372 39
  105.070 10.7029 107
  105.159 1.1245 11
  106.046 1.1351 11
  106.079 2.6626 27
  107.050 2.8759 29
  108.058 7.9534 79
  109.064 3.1577 32
  114.048 1.3405 13
  115.056 24.1210 241
  116.062 6.0098 60
  117.071 6.0546 60
  118.066 1.5828 16
  121.066 100 999
  122.071 14.6243 146
  123.073 1.4695 15
  127.056 7.3556 73
  128.063 18.0875 181
  129.070 17.2447 172
  130.078 10.6213 106
  131.083 4.3849 44
  132.054 1.7987 18
  133.067 3.9425 39
  134.070 4.1505 41
  135.065 8.5723 86
  136.065 1.5881 16
  139.067 1.3826 14
  140.054 1.3853 14
  141.070 11.7484 117
  142.077 8.3090 83
  143.084 12.5174 125
  144.072 4.5719 46
  145.066 9.2439 92
  146.070 5.1329 51
  147.067 7.4294 74
  148.070 4.0452 40
  149.094 2.5598 26
  151.078 1.9173 19
  152.065 2.8522 28
  153.071 5.8360 58
  154.076 7.0870 71
  155.084 8.6303 86
  156.090 7.1634 72
  157.088 3.3973 34
  158.073 3.6976 37
  159.082 5.9440 59
  160.076 2.8522 28
  161.083 2.0437 20
  162.101 1.5117 15
  163.071 2.0516 20
  164.086 1.5802 16
  165.071 3.3315 33
  166.073 2.1806 22
  167.070 5.9677 60
  168.078 3.5158 35
  169.089 6.2574 63
  170.087 2.5809 26
  171.073 3.8898 39
  172.081 4.7115 47
  173.081 8.2063 82
  174.087 1.5433 15
  178.078 1.9594 20
  181.090 6.2995 63
  182.093 6.8447 68
  183.097 2.6994 27
  184.079 2.5151 25
  185.088 4.1769 42
  186.096 3.2841 33
  187.104 2.8996 29
  189.074 2.3913 24
  191.090 2.3334 23
  195.108 2.1200 21
  197.084 2.6599 27
  198.095 2.6547 27
  199.098 4.3112 43
  201.080 1.1219 11
  202.081 3.1998 32
  203.089 3.1050 31
  204.093 2.1016 21
  205.266 1.1719 12
  207.033 6.1363 61
  209.231 1.2905 13
  210.093 1.3932 14
  211.092 2.6362 26
  212.102 2.5414 25
  213.111 3.9978 40
  214.108 1.4880 15
  215.088 7.5373 75
  216.094 4.7852 48
  217.102 4.7958 48
  224.110 2.4282 24
  225.108 6.5313 65
  225.165 3.3921 34
  227.112 1.5433 15
  228.093 2.1806 22
  229.103 3.7002 37
  230.108 2.2043 22
  231.114 4.2322 42
  232.121 3.4342 34
  233.107 2.0094 20
  234.111 1.9462 19
  235.115 2.2412 22
  241.156 1.6697 17
  242.094 1.3853 14
  243.104 2.0200 20
  244.106 1.5644 16
  245.111 1.6592 17
  246.156 3.5738 36
  247.150 11.5457 115
  248.156 6.0283 60
  249.130 3.2973 33
  256.166 2.6362 26
  257.117 4.3033 43
  258.133 2.6705 27
  259.128 4.3981 44
  260.106 4.0979 41
  261.126 6.7288 67
  262.135 14.2108 142
  263.142 7.5426 75
  264.142 1.8751 19
  267.170 1.5169 15
  268.166 5.2329 52
  269.159 3.0681 31
  270.143 7.5979 76
  271.146 3.2946 33
  272.153 5.4041 54
  273.157 2.0068 20
  274.128 5.4515 54
  275.125 19.0883 191
  276.129 3.4052 34
  281.053 2.0463 20
  282.182 1.8172 18
  283.163 2.1701 22
  284.162 8.1115 81
  285.168 8.8936 89
  286.173 2.3334 23
  288.140 1.3247 13
  289.151 9.2676 93
  290.148 20.9160 209
  291.137 4.6904 47
  292.135 2.1753 22
  305.140 2.2965 23
  306.145 2.2675 23
  307.151 2.0990 21
  332.206 1.3510 13
  333.161 1.9278 19
  374.216 5.5727 56
  375.214 23.2230 232
  376.215 6.1942 62
  377.232 1.3194 13
  389.240 15.2564 152
  390.237 64.6599 646
  390.515 1.3115 13
  391.241 16.5969 166
  392.238 2.6836 27
//
