ACCESSION: MSBNK-MSSJ-MSJ04260
RECORD_TITLE: 2-(((1S,2R)-2-Methyl-2-phenylcyclopropyl)ethynyl)thiophene; GC-EI-TOF; MS; POSITIVE; 70 V
DATE: 2025.09.01
AUTHORS: Eiyu Imai and Takemichi Nakamura, Molecular Structure Characterization Unit, RIKEN, Japan
LICENSE: CC BY
COPYRIGHT: Eiyu Imai, Molecular Structure Characterization Unit, RIKEN, Japan
PUBLICATION: Huai-Long Teng, et al., Asymmetric C(sp)−H Addition of Terminal Alkynes to Cyclopropenes by a Chiral Gadolinium Catalyst. ACS Catal. 2018, 8, 4705−4709. DOI: 10.1021/acscatal.8b01189.
COMMENT: The compound analyzed, CH$NAME, is identical to the substance "4n" in Table 3 of the PUBLICATION.
COMMENT: Original ID of the mass spectral data is A_20180131_teng4MB/teng-7-21b.
COMMENT: JMS-T100GCV (JEOL, Akishima, Japan) is a reflectron time-of-flight (reTOF) mass spectrometer. Resolving power (FWHM, nominal) was 7000.
COMMENT: Typical accuracy level of the m/z value expected was 5 ppm. Postrun m/z was adjusted with the known mass 238.0816.
COMMENT: EI voltage was 70 V. Temperature of the ion-source and GC-transfer line were 200 C and 250 C, respectively. 
CH$NAME: 2-(((1S,2R)-2-Methyl-2-phenylcyclopropyl)ethynyl)thiophene
CH$COMPOUND_CLASS: Non-natural compound
CH$FORMULA: C16H14S
CH$EXACT_MASS: 238.081621
CH$SMILES: C[C@]1(C[C@H]1C#Cc1cccs1)c1ccccc1
CH$IUPAC: InChI=1S/C16H14S/c1-16(13-6-3-2-4-7-13)12-14(16)9-10-15-8-5-11-17-15/h2-8,11,14H,12H2,1H3/t14-,16+/m1/s1
CH$LINK: INCHIKEY NIXDZUPOONDAKB-ZBFHGGJFSA-N
AC$INSTRUMENT: JMS-T100GCV (JEOL, Akishima, Japan) coupled to Agilent 7890A (Santa Clara, CA, USA) gas chromatograph.
AC$INSTRUMENT_TYPE: GC-EI-TOF
AC$MASS_SPECTROMETRY: MS_TYPE MS
AC$MASS_SPECTROMETRY: ION_MODE POSITIVE
AC$MASS_SPECTROMETRY: IONIZATION EI
AC$CHROMATOGRAPHY: CARRIER_GAS He, flow rate 1.5 ml/min
AC$CHROMATOGRAPHY: COLUMN_NAME HP-5 19091J-413 USD364547H (Agilent, Wilmington, USA) with the length 30.0 m, I.D. 0.32 mm, and thickness 0.25 micrometer.
AC$CHROMATOGRAPHY: COLUMN_TEMPERATURE Initial oven temperature at 70 C for 4 min and ramped at the rate of 30 C/min to 320 C and held at the final temperature for 1.67 min.
AC$CHROMATOGRAPHY: INJECTION_TEMPERATURE 250 C
AC$CHROMATOGRAPHY: RETENTION_TIME 10.48 min
PK$SPLASH: splash10-00dr-5790000000-d902018e415f839519ef
PK$NUM_PEAK: 222
PK$PEAK: m/z int. rel.int.
  27.024 2.5077 25
  28.006 1.3878 14
  29.040 0.3074 3
  31.990 0.8322 8
  38.016 0.6290 6
  39.024 10.5177 105
  39.052 0.1309 1
  40.030 0.6635 7
  41.040 1.3067 13
  44.980 11.3711 114
  45.034 0.1693 2
  45.985 0.2857 3
  46.976 0.5242 5
  50.016 4.8819 49
  51.024 12.7112 127
  52.031 2.7700 28
  53.040 1.7859 18
  56.981 0.4417 4
  57.988 2.2960 23
  58.996 0.5031 5
  61.009 0.5292 5
  62.016 3.2891 33
  63.024 10.6424 106
  63.086 0.1421 1
  64.030 1.2790 13
  65.040 5.6637 57
  66.045 0.5126 5
  68.981 7.9251 79
  69.023 0.1495 1
  69.988 3.8219 38
  70.996 1.4629 15
  74.016 3.6395 36
  75.024 5.2445 52
  76.032 9.4084 94
  77.040 25.4147 254
  77.167 0.1792 2
  78.047 9.6887 97
  79.011 0.2690 3
  79.054 2.0430 20
  80.981 0.5191 5
  81.988 1.1958 12
  82.031 0.3551 4
  82.536 0.3192 3
  82.995 0.3471 3
  84.004 0.7753 8
  85.009 0.5510 6
  85.514 0.3003 3
  86.016 1.8882 19
  87.024 4.4490 44
  88.031 1.7825 18
  89.040 9.4506 94
  89.542 0.3458 3
  90.047 2.4432 24
  91.055 16.4532 164
  92.018 0.8679 9
  92.059 1.3086 13
  92.981 4.0441 40
  93.988 7.3486 73
  94.536 1.2386 12
  94.995 1.6786 17
  95.039 0.5864 6
  96.003 1.4650 15
  97.012 17.2401 172
  97.514 0.5345 5
  98.016 2.0216 20
  98.522 1.0988 11
  99.021 1.1844 12
  100.030 0.3458 3
  101.040 2.1608 22
  101.543 0.2539 3
  102.048 5.4080 54
  103.055 13.5776 136
  104.018 1.7573 18
  104.060 1.9249 19
  104.520 0.4247 4
  105.025 2.5538 26
  105.071 1.4523 15
  105.527 0.4443 4
  105.988 0.2593 3
  106.028 0.2275 2
  106.996 0.1891 2
  108.004 3.7924 38
  109.011 3.1227 31
  110.018 2.1779 22
  110.522 4.3414 43
  110.589 0.1550 2
  111.025 5.5138 55
  111.093 0.1535 2
  111.528 2.8927 29
  112.029 0.6165 6
  113.040 0.7873 8
  114.047 0.6619 7
  115.055 30.5171 305
  116.060 4.0210 40
  116.981 0.5809 6
  117.026 1.0266 10
  117.071 7.8174 78
  117.200 0.1533 2
  117.528 0.3797 4
  117.988 0.1299 1
  118.034 1.4003 14
  118.077 2.5779 26
  118.535 0.3570 4
  118.996 4.3480 43
  119.041 1.1915 12
  120.004 14.8189 148
  121.011 11.2289 112
  122.013 1.3594 14
  123.023 0.8443 8
  125.039 0.2037 2
  126.047 1.1926 12
  127.055 3.4363 34
  128.063 9.4278 94
  129.070 5.8490 58
  130.078 2.8334 28
  131.083 0.3041 3
  132.004 0.7426 7
  133.012 2.0664 21
  134.019 4.7977 48
  135.026 1.7106 17
  136.023 0.3157 3
  137.037 0.3196 3
  138.047 0.3308 3
  139.055 3.5636 36
  140.060 0.5206 5
  141.071 3.2442 32
  142.076 0.8877 9
  145.012 1.2246 12
  146.017 0.2610 3
  147.027 7.9084 79
  147.123 0.1326 1
  148.030 0.8421 8
  149.028 0.4131 4
  150.047 1.1633 12
  151.055 2.3185 23
  152.063 6.2992 63
  153.070 6.4919 65
  153.194 0.1714 2
  154.078 4.9981 50
  155.085 1.5411 15
  158.020 0.6541 7
  159.027 0.9157 9
  160.035 2.0061 20
  161.043 4.8300 48
  162.046 0.8590 9
  163.055 2.2913 23
  164.063 1.6752 17
  165.071 7.5393 75
  166.076 1.5312 15
  167.084 0.3431 3
  169.012 0.2258 2
  170.018 0.1683 2
  171.028 1.1011 11
  172.030 0.1912 2
  173.041 0.3049 3
  174.048 0.3570 4
  175.054 0.3850 4
  176.063 3.1181 31
  177.070 1.8817 19
  178.079 15.0253 150
  179.086 9.8725 99
  180.090 1.3414 13
  183.028 0.2832 3
  184.035 2.1136 21
  185.040 0.5379 5
  186.042 0.1790 2
  187.055 0.7762 8
  188.063 0.7660 8
  189.071 16.8532 168
  190.078 15.0190 150
  191.085 4.6301 46
  192.093 1.3790 14
  193.101 1.3376 13
  194.105 0.2047 2
  195.027 1.0718 11
  196.033 0.4339 4
  197.043 6.2005 62
  197.154 0.1341 1
  198.047 1.1260 11
  199.044 0.3344 3
  200.062 0.4411 4
  201.070 0.5798 6
  202.079 5.5684 56
  202.208 0.2438 2
  203.086 9.9078 99
  203.293 0.1187 1
  204.093 6.1288 61
  205.102 7.6664 77
  206.106 1.2225 12
  207.027 0.2893 3
  208.035 18.6990 187
  209.041 5.2091 52
  210.045 2.0371 20
  210.179 0.1622 2
  211.058 2.2920 23
  212.061 0.4742 5
  219.027 0.3827 4
  220.035 0.5132 5
  221.043 36.3004 363
  221.721 0.1440 1
  222.050 24.5329 245
  222.718 0.1345 1
  222.797 0.1250 1
  223.058 100 999
  223.799 0.3388 3
  224.061 16.4969 165
  224.870 0.1655 2
  225.056 5.1079 51
  226.058 0.7148 7
  232.033 0.2361 2
  233.041 0.2840 3
  234.050 1.1449 11
  235.058 1.7695 18
  236.064 0.9893 10
  237.074 21.2023 212
  237.206 0.8379 8
  237.831 0.1240 1
  238.082 93.3058 932
  238.847 0.3142 3
  239.085 16.7868 168
  240.080 5.1648 52
  241.082 0.7738 8
//
