ACCESSION: MSBNK-MSSJ-MSJ04213
RECORD_TITLE: ((3-Chlorophenyl)ethynyl)diphenylsilane; GC-EI-TOF; MS; POSITIVE; 70 V
DATE: 2025.09.01
AUTHORS: Eiyu Imai and Takemichi Nakamura, Molecular Structure Characterization Unit, RIKEN, Japan
LICENSE: CC BY
COPYRIGHT: Eiyu Imai, Molecular Structure Characterization Unit, RIKEN, Japan
PUBLICATION: Yuanhong Ma, et al., B(C6F5)3/Amine-Catalyzed C(sp)−H Silylation of Terminal Alkynes with Hydrosilanes: Experimental and Theoretical Studies. Angew. Chem. Int. Ed. 2018, 57, 15222 –15226. DOI: 10.1002/anie.201809533.
COMMENT: The compound analyzed, CH$NAME, is identical to the substance "4o" in Table 3. of the PUBLICATION.
COMMENT: Original ID of the mass spectral data is A_20170819_ma4MB/MYH-1364.
COMMENT: JMS-T100GCV (JEOL, Akishima, Japan) is a reflectron time-of-flight (reTOF) mass spectrometer. Resolving power (FWHM, nominal) was 7000.
COMMENT: Typical accuracy level of the m/z value expected was 5 ppm. Postrun m/z was adjusted with the known mass 318.0632.
COMMENT: EI voltage was 70 V. Temperature of the ion-source and GC-transfer line were 200 C and 250 C, respectively. 
CH$NAME: ((3-Chlorophenyl)ethynyl)diphenylsilane
CH$COMPOUND_CLASS: Non-natural compound
CH$FORMULA: C20H15ClSi
CH$EXACT_MASS: 318.063155
CH$SMILES: Clc1cc(C#C[SiH](c2ccccc2)c2ccccc2)ccc1
CH$IUPAC: InChI=1S/C20H15ClSi/c21-18-9-7-8-17(16-18)14-15-22(19-10-3-1-4-11-19)20-12-5-2-6-13-20/h1-13,16,22H
CH$LINK: INCHIKEY YZHJUCBDXAJPSC-UHFFFAOYSA-N
CH$LINK: ChemOnt CHEMONTID:0000035; Organic compounds; Benzenoids; Benzene and substituted derivatives; Halobenzenes
AC$INSTRUMENT: JMS-T100GCV (JEOL, Akishima, Japan) coupled to Agilent 7890A (Santa Clara, CA, USA) gas chromatograph.
AC$INSTRUMENT_TYPE: GC-EI-TOF
AC$MASS_SPECTROMETRY: MS_TYPE MS
AC$MASS_SPECTROMETRY: ION_MODE POSITIVE
AC$MASS_SPECTROMETRY: IONIZATION EI
AC$CHROMATOGRAPHY: CARRIER_GAS He, flow rate 1.5 ml/min
AC$CHROMATOGRAPHY: COLUMN_NAME HP-5 19091J-413 USD364547H (Agilent, Wilmington, USA) with the length 30.0 m, I.D. 0.32 mm, and thickness 0.25 micrometer.
AC$CHROMATOGRAPHY: COLUMN_TEMPERATURE Initial oven temperature at 70 C for 4 min and ramped at the rate of 30 C/min to 320 C and held at the final temperature for 7.67 min.
AC$CHROMATOGRAPHY: INJECTION_TEMPERATURE 250 C
AC$CHROMATOGRAPHY: RETENTION_TIME 11.90 min
PK$SPLASH: splash10-00kf-3963000000-3d7a908e5ecaab3cb6eb
PK$NUM_PEAK: 252
PK$PEAK: m/z int. rel.int.
  27.024 1.2811 13
  27.977 0.934 9
  28.006 4.0659 41
  28.985 0.8053 8
  31.990 1.3659 14
  39.024 2.728 27
  50.016 4.3123 43
  51.024 14.3734 144
  52.031 2.8391 28
  52.985 24.6764 247
  53.039 0.494 5
  53.089 0.1237 1
  53.988 2.0969 21
  55.000 0.9497 9
  62.016 0.4317 4
  62.946 46.7003 467
  63.024 1.9979 20
  63.303 0.128 1
  63.946 2.2548 23
  64.943 16.1773 162
  64.986 0.3585 4
  65.039 0.3878 4
  65.943 0.7055 7
  65.993 1.251 12
  66.940 0.4315 4
  67.000 0.7912 8
  74.016 2.1217 21
  75.024 4.4311 44
  76.032 2.2394 22
  76.985 8.4302 84
  77.040 7.319 73
  77.992 3.111 31
  78.048 13.3685 134
  79.001 13.1375 131
  79.052 1.0714 11
  79.124 0.1352 1
  80.004 1.6169 16
  80.999 0.4814 5
  86.017 0.2866 3
  87.024 0.7678 8
  88.032 0.3377 3
  88.985 0.3602 4
  89.040 0.7402 7
  89.993 0.6823 7
  91.000 0.3732 4
  91.056 0.2631 3
  93.016 0.3384 3
  98.017 0.6179 6
  99.024 0.8816 9
  100.032 0.8574 9
  100.985 3.0965 31
  101.040 3.278 33
  101.993 2.1358 21
  102.048 1.8278 18
  103.001 15.9858 160
  103.276 0.1818 2
  104.007 5.0244 50
  105.017 83.3562 833
  105.522 0.2374 2
  105.863 0.1595 2
  106.020 11.639 116
  106.100 0.1713 2
  106.207 0.1394 1
  107.015 3.1166 31
  108.020 0.3132 3
  111.009 0.3351 3
  111.954 0.2391 2
  112.962 0.8181 8
  113.040 0.6627 7
  113.960 0.1609 2
  113.994 0.2168 2
  114.047 0.2741 3
  114.961 0.3059 3
  115.056 1.1312 11
  116.010 0.1937 2
  117.016 0.4007 4
  120.009 0.2312 2
  123.023 0.2358 2
  124.024 0.1507 2
  124.986 0.5732 6
  125.040 0.7129 7
  125.991 0.2101 2
  126.048 2.6843 27
  127.001 1.7194 17
  127.055 1.4615 15
  127.531 0.3237 3
  128.009 4.1647 42
  128.062 1.1477 11
  129.017 29.0696 290
  130.020 5.258 53
  131.019 1.2125 12
  132.022 0.1816 2
  136.009 3.4936 35
  136.962 1.8142 18
  137.039 0.6002 6
  137.968 0.489 5
  138.007 1.1576 12
  138.977 2.2798 23
  139.055 0.9528 10
  139.531 0.75 7
  139.985 0.9987 10
  140.035 2.6712 27
  140.539 1.4825 15
  140.992 1.916 19
  141.043 2.5964 26
  141.546 0.8647 9
  141.987 0.4002 4
  142.991 0.6332 6
  149.040 0.5708 6
  150.048 3.7251 37
  151.056 6.3831 64
  152.010 0.3028 3
  152.063 7.7517 77
  153.017 3.7838 38
  153.070 2.3818 24
  154.023 1.666 17
  154.079 1.8623 19
  155.033 9.5087 95
  156.035 1.5793 16
  157.033 0.4085 4
  158.528 0.4541 5
  159.031 0.8056 8
  159.531 0.3447 3
  160.022 0.3962 4
  162.978 30.7672 307
  163.981 4.8519 48
  164.062 0.3178 3
  164.976 11.287 113
  165.072 1.1725 12
  165.979 1.6839 17
  166.076 0.2236 2
  166.984 0.6234 6
  173.021 0.1575 2
  174.048 0.9979 10
  175.056 1.5866 16
  176.064 15.5756 156
  177.018 2.1806 22
  177.070 4.9831 50
  178.024 1.4178 14
  178.079 43.9841 439
  178.739 0.1564 2
  179.033 7.51 75
  179.082 7.1093 71
  179.635 0.1156 1
  179.696 0.1282 1
  180.040 23.796 238
  180.660 0.1418 1
  181.048 76.8109 767
  181.529 0.2168 2
  181.670 0.2993 3
  182.053 26.977 270
  182.678 0.2249 2
  183.053 5.2201 52
  183.682 0.1445 1
  184.054 0.9405 9
  184.128 0.112 1
  184.194 0.1399 1
  186.027 0.2652 3
  186.978 0.5926 6
  187.056 0.2622 3
  188.993 1.037 10
  189.071 0.4448 4
  189.996 0.2365 2
  190.992 0.3609 4
  199.043 0.1444 1
  200.064 0.5579 6
  201.018 0.2372 2
  201.069 0.3407 3
  202.023 0.4525 5
  202.079 0.7033 7
  203.033 4.0016 40
  203.167 0.1344 1
  204.040 9.4676 95
  205.048 11.0924 111
  206.055 8.0106 80
  207.063 23.6308 236
  208.066 4.5016 45
  209.063 1.0685 11
  212.042 6.4927 65
  212.153 0.1255 1
  212.994 1.1011 11
  213.048 1.2737 13
  214.038 2.1973 22
  215.009 5.5647 56
  216.010 1.464 15
  217.020 4.23 42
  218.021 0.8064 8
  219.022 1.2269 12
  220.024 0.2156 2
  224.064 0.402 4
  225.072 0.3372 3
  226.080 1.2158 12
  227.031 0.3078 3
  227.086 0.4121 4
  228.040 0.4277 4
  228.094 0.7559 8
  229.047 0.6416 6
  230.053 0.1961 2
  231.063 0.1941 2
  236.994 0.4023 4
  237.070 0.1771 2
  238.001 0.717 7
  239.009 61.1294 611
  239.408 0.1114 1
  239.694 0.23 2
  240.016 92.4646 924
  240.789 0.2837 3
  241.017 48.6859 486
  241.820 0.1805 2
  242.015 35.2538 352
  243.019 12.5683 126
  244.020 2.3857 24
  245.020 0.4253 4
  250.079 1.841 18
  251.085 0.6992 7
  252.095 7.4163 74
  253.102 7.6045 76
  254.110 8.7547 87
  255.115 2.6431 26
  256.067 0.3601 4
  256.120 0.3797 4
  257.079 0.5595 6
  265.027 0.3268 3
  267.061 0.1589 2
  277.048 0.3421 3
  278.055 1.1625 12
  279.064 1.8985 19
  280.069 0.7934 8
  281.080 9.8057 98
  282.086 6.4151 64
  283.093 4.0006 40
  284.096 0.936 9
  285.096 0.2074 2
  288.071 0.3135 3
  289.025 0.5914 6
  290.034 0.3183 3
  291.039 1.2461 12
  292.044 0.4933 5
  293.040 0.4429 4
  303.041 1.4715 15
  304.043 0.3783 4
  305.039 0.5557 6
  313.025 0.2247 2
  315.040 1.1086 11
  316.045 0.5759 6
  317.056 28.1613 281
  318.063 100 999
  319.063 32.9125 329
  320.061 37.2795 372
  321.063 8.9317 89
  322.062 1.9223 19
  323.063 0.3097 3
//
