ACCESSION: MSBNK-MSSJ-MSJ04196
RECORD_TITLE: 1,4-Bis((diphenylsilyl)ethynyl)benzene; GC-EI-TOF; MS; POSITIVE; 70 V
DATE: 2025.09.01
AUTHORS: Eiyu Imai and Takemichi Nakamura, Molecular Structure Characterization Unit, RIKEN, Japan
LICENSE: CC BY
COPYRIGHT: Eiyu Imai, Molecular Structure Characterization Unit, RIKEN, Japan
PUBLICATION: Yuanhong Ma, et al., B(C6F5)3/Amine-Catalyzed C(sp)−H Silylation of Terminal Alkynes with Hydrosilanes: Experimental and Theoretical Studies. Angew. Chem. Int. Ed. 2018, 57, 15222 –15226. DOI: 10.1002/anie.201809533.
COMMENT: The compound analyzed, CH$NAME, is identical to the substance "4ae'" in Table 3. of the PUBLICATION.
COMMENT: Original ID of the mass spectral data is A_20170804_ma4MB/MYH-1397
COMMENT: JMS-T100GCV (JEOL, Akishima, Japan) is a reflectron time-of-flight (reTOF) mass spectrometer. Resolving power (FWHM, nominal) was 7000.
COMMENT: Typical accuracy level of the m/z value expected was 5 ppm. Postrun m/z was adjusted with the known mass 490.1573.
COMMENT: EI voltage was 70 V. Temperature of the ion-source and GC-transfer line were 200 C and 250 C, respectively. 
CH$NAME: 1,4-Bis((diphenylsilyl)ethynyl)benzene
CH$COMPOUND_CLASS: Non-natural compound
CH$FORMULA: C34H26Si2
CH$EXACT_MASS: 490.157304
CH$SMILES: c1ccccc1[SiH](C#Cc1ccc(C#C[SiH](c2ccccc2)c2ccccc2)cc1)c1ccccc1
CH$IUPAC: InChI=1S/C34H26Si2/c1-5-13-31(14-6-1)35(32-15-7-2-8-16-32)27-25-29-21-23-30(24-22-29)26-28-36(33-17-9-3-10-18-33)34-19-11-4-12-20-34/h1-24,35-36H
CH$LINK: INCHIKEY GVCYXJKZPCQMLB-UHFFFAOYSA-N
CH$LINK: ChemOnt CHEMONTID:0002279; Organic compounds; Benzenoids; Benzene and substituted derivatives
AC$INSTRUMENT: JMS-T100GCV (JEOL, Akishima, Japan) coupled to Agilent 7890A (Santa Clara, CA, USA) gas chromatograph.
AC$INSTRUMENT_TYPE: GC-EI-TOF
AC$MASS_SPECTROMETRY: MS_TYPE MS
AC$MASS_SPECTROMETRY: ION_MODE POSITIVE
AC$MASS_SPECTROMETRY: IONIZATION EI
AC$CHROMATOGRAPHY: CARRIER_GAS He, flow rate 1.5 ml/min
AC$CHROMATOGRAPHY: COLUMN_NAME HP-5 19091J-413 USD364547H (Agilent, Wilmington, USA) with the length 30.0 m, I.D. 0.32 mm, and thickness 0.25 micrometer.
AC$CHROMATOGRAPHY: COLUMN_TEMPERATURE Initial oven temperature at 70 C for 4 min and ramped at the rate of 30 C/min to 320 C and held at the final temperature for 17.67 min.
AC$CHROMATOGRAPHY: INJECTION_TEMPERATURE 250 C
AC$CHROMATOGRAPHY: RETENTION_TIME 23.57 min
PK$SPLASH: splash10-0a5c-2964700000-ab4b349843b5b5b32f00
PK$NUM_PEAK: 224
PK$PEAK: m/z int. rel.int.
  27.978 0.5231 5
  28.006 35.9416 359
  29.003 0.4468 4
  31.990 13.1253 131
  35.976 0.4524 5
  39.023 0.4949 5
  39.963 0.9786 10
  43.990 1.4392 14
  46.974 0.4468 4
  50.017 0.4386 4
  51.024 1.5289 15
  52.033 0.5636 6
  52.985 5.2958 53
  53.990 0.5641 6
  54.977 0.392 4
  73.048 1.2307 12
  76.986 1.1226 11
  77.041 1.5335 15
  77.993 0.4586 5
  78.048 3.7526 37
  79.001 3.2612 33
  79.051 0.4043 4
  80.005 0.6271 6
  89.993 1.0954 11
  91.057 0.726 7
  96.011 0.4473 4
  100.982 0.3177 3
  101.993 0.4119 4
  102.045 0.3366 3
  103.002 5.2912 53
  104.009 2.1873 22
  105.017 66.6182 666
  105.475 0.3013 3
  106.021 8.7384 87
  107.016 2.6407 26
  108.022 0.415 4
  115.010 0.3079 3
  115.055 0.4534 5
  127.004 0.4657 5
  128.009 1.3834 14
  128.066 0.4386 4
  129.018 20.1796 202
  129.186 0.3484 3
  130.021 3.2653 33
  131.027 1.1375 11
  131.987 0.8372 8
  133.013 0.5103 5
  135.064 0.3407 3
  140.006 0.3141 3
  141.017 0.4924 5
  152.065 1.4643 15
  153.018 10.7223 107
  154.023 2.6182 26
  154.080 0.9494 9
  155.033 7.5134 75
  155.530 0.4283 4
  155.988 0.4355 4
  156.036 1.5289 15
  156.993 0.7209 7
  165.014 0.3576 4
  165.072 0.8106 8
  166.023 1.2445 12
  166.530 0.4575 5
  167.033 3.7567 38
  167.534 1.5596 16
  168.035 0.6358 6
  176.066 0.3863 4
  177.017 1.0293 10
  178.080 1.6037 16
  179.034 4.638 46
  179.987 0.8418 8
  180.041 16.3553 163
  180.210 0.3433 3
  181.049 66.6392 666
  181.641 0.3607 4
  181.758 0.3054 3
  182.053 17.336 173
  182.665 0.3402 3
  182.703 0.3033 3
  183.062 11.1953 112
  184.064 1.9783 20
  185.066 0.5047 5
  189.071 0.4668 5
  190.031 0.3202 3
  191.004 0.4883 5
  192.078 0.3356 3
  193.048 1.0719 11
  194.054 0.9125 9
  195.058 0.33 3
  202.028 0.3581 4
  202.079 1.5222 15
  203.035 1.9947 20
  204.041 4.0477 40
  205.050 9.444 94
  205.179 0.3013 3
  205.552 1.9982 20
  206.055 9.9471 99
  206.556 2.4722 25
  207.064 15.1805 152
  208.067 3.1111 31
  209.026 1.3101 13
  210.032 0.934 9
  215.088 0.3305 3
  217.050 0.3751 4
  227.036 1.0145 10
  228.042 3.0814 31
  229.050 15.2932 153
  230.056 5.8876 59
  231.063 7.0671 71
  232.066 1.7123 17
  233.021 0.7732 8
  234.031 2.0223 20
  235.039 0.8116 8
  236.043 0.3853 4
  239.087 0.3336 3
  244.070 0.6871 7
  244.574 0.3407 3
  245.075 0.6159 6
  250.086 0.415 4
  252.096 1.5028 15
  253.043 0.8439 8
  254.054 0.4693 5
  254.112 0.3848 4
  255.065 1.5489 15
  256.068 0.5149 5
  257.080 2.8959 29
  258.080 0.8341 8
  259.096 22.5381 225
  260.098 5.4347 54
  261.096 1.4008 14
  265.037 0.3033 3
  265.100 0.4355 4
  268.073 0.5031 5
  270.086 0.6256 6
  276.098 1.1313 11
  277.052 0.3817 4
  277.108 0.5831 6
  278.059 1.3224 13
  279.067 2.6633 27
  280.072 1.3439 13
  281.078 5.5869 56
  281.214 0.3505 4
  282.088 3.5435 35
  283.096 25.5303 255
  284.098 6.6854 67
  285.096 1.8317 18
  286.069 0.6553 7
  292.068 0.4616 5
  294.089 0.5303 5
  295.086 0.3817 4
  299.076 0.4965 5
  302.055 0.9059 9
  303.067 1.3762 14
  304.073 1.2983 13
  305.081 5.2933 53
  306.086 2.4676 25
  307.096 45.7888 457
  308.099 13.7817 138
  309.098 3.998 40
  310.068 1.5791 16
  311.070 1.1277 11
  312.080 0.89 9
  313.077 0.3371 3
  321.059 0.558 6
  331.046 1.8158 18
  332.048 1.345 13
  333.056 2.8857 29
  334.065 6.8878 69
  335.070 4.6769 47
  336.072 1.7923 18
  337.070 0.5974 6
  355.088 0.6179 6
  356.107 0.3571 4
  357.111 1.0437 10
  358.106 0.4857 5
  359.127 7.9381 79
  360.131 2.7217 27
  361.132 0.7158 7
  362.092 0.3571 4
  368.108 0.5918 6
  369.115 0.3858 4
  370.119 2.0935 21
  371.122 0.8777 9
  372.106 0.3218 3
  379.094 0.6195 6
  381.112 1.8876 19
  382.116 0.9914 10
  383.127 9.0407 90
  383.393 0.3874 4
  384.130 3.7198 37
  385.098 1.6375 16
  386.096 1.2461 12
  387.102 0.8951 9
  388.113 1.0258 10
  389.115 0.5047 5
  397.085 0.9607 10
  398.088 0.4411 4
  399.105 0.9007 9
  400.105 0.4473 4
  405.092 0.3853 4
  407.071 0.5339 5
  408.081 0.622 6
  409.088 2.9405 29
  410.094 2.6489 26
  411.103 11.7624 118
  412.111 25.2024 252
  412.395 0.353 4
  413.116 16.6479 166
  414.117 5.8825 59
  415.117 1.7523 18
  416.115 0.394 4
  463.135 0.3812 4
  487.140 0.5026 5
  488.139 0.9858 10
  489.150 15.4443 154
  490.157 90.7984 907
  491.160 41.425 414
  491.908 0.4032 4
  492.160 14.4114 144
  492.876 0.4365 4
  492.957 0.2941 3
  493.020 0.3417 3
  493.159 3.5384 35
  494.161 0.7091 7
//
